1 369
369 208
208 968
369 325
369 864
864 361
361 195
361 449
449 397
397 576
576 362
576 909
909 675
675 232
362 925
361 297
297 634
634 943
361 810
576 797
797 432
432 277
277 594
594 586
586 579
579 684
586 119
797 266
432 976
684 766
586 489
586 497
497 356
356 997
997 120
356 585
997 887
497 638
638 75
497 321
321 592
997 610
610 570
610 863
863 821
821 7
570 330
570 444
444 966
966 454
454 636
636 771
636 714
771 685
636 750
714 795
750 38
38 128
128 24
636 192
750 633
192 57
966 244
244 155
155 136
136 599
244 473
155 830
599 241
136 715
599 66
66 221
795 837
497 883
883 789
883 228
192 466
466 43
466 921
921 760
921 978
7 756
756 595
595 690
66 324
497 578
578 148
148 92
473 630
636 448
448 896
797 861
861 260
756 81
81 353
630 713
766 628
628 191
579 544
544 458
458 382
685 607
607 542
607 911
911 287
911 391
391 231
542 225
225 492
492 445
911 186
287 198
492 608
391 477
477 614
614 166
166 316
316 624
614 840
840 9
9 205
205 255
205 4
205 249
4 730
205 818
205 562
562 668
255 435
255 222
668 229
840 18
18 459
459 920
18 475
475 107
475 360
360 835
360 83
835 721
83 388
388 871
721 404
404 178
178 329
329 751
404 832
751 848
848 834
178 601
601 952
601 706
706 790
706 199
178 532
532 37
532 472
472 716
716 384
384 914
914 717
914 679
679 514
716 69
384 240
914 986
986 395
69 32
32 739
739 346
32 959
472 772
772 629
69 250
250 401
401 437
401 307
250 100
69 163
395 381
69 591
739 879
879 344
344 616
37 314
848 407
407 22
22 59
37 203
203 666
666 366
666 160
666 937
32 200
200 621
621 275
275 212
212 386
386 941
212 746
212 665
665 67
67 219
219 256
256 480
256 564
564 499
499 819
621 28
28 10
10 597
597 172
172 635
635 446
59 740
542 77
679 318
318 488
318 737
920 553
514 947
186 994
947 657
657 13
13 541
541 798
541 124
124 550
986 658
658 823
823 357
357 259
160 339
339 672
307 849
849 8
8 953
953 627
953 908
837 993
993 78
993 252
252 770
770 372
770 5
252 865
5 299
299 364
364 456
721 292
818 335
318 860
172 529
529 326
326 983
983 248
983 12
12 934
983 371
371 140
140 47
47 787
787 530
787 150
530 414
414 494
494 989
414 890
787 61
61 185
185 874
890 409
409 622
409 114
114 984
494 938
938 276
276 643
200 455
455 337
337 214
337 463
463 901
463 948
948 998
998 961
961 917
961 41
917 370
998 844
998 969
370 295
295 125
41 310
998 180
901 641
180 687
370 133
133 293
370 341
969 450
450 897
897 867
818 987
321 332
332 754
754 436
436 89
89 359
89 157
89 123
123 116
123 311
116 802
986 936
936 479
479 51
51 955
67 620
620 167
167 949
620 65
65 916
916 513
916 470
185 600
600 922
922 768
470 402
244 385
449 906
906 580
906 568
568 683
568 84
84 253
683 640
253 695
568 785
84 54
54 267
267 156
54 234
54 856
156 602
602 209
209 761
156 577
906 279
279 982
982 694
694 656
982 649
649 869
909 663
663 944
944 950
790 322
123 735
735 606
606 465
735 793
793 485
485 809
465 171
809 664
920 882
225 851
851 272
272 511
511 825
825 308
851 862
432 6
6 45
793 284
284 574
592 460
460 238
238 478
976 729
909 98
98 774
98 139
139 289
289 697
697 791
697 348
348 815
98 141
791 805
805 453
453 145
453 962
962 216
774 447
98 893
893 265
265 731
265 105
265 23
105 434
139 939
939 334
334 590
939 669
669 15
15 703
703 876
876 126
876 55
54 567
825 970
835 556
556 387
387 31
31 206
882 389
760 239
239 197
239 701
92 431
125 924
81 827
961 698
698 677
677 804
698 349
896 162
162 127
127 554
554 650
554 838
43 490
684 64
64 422
422 296
64 14
64 113
14 688
688 271
490 26
26 355
355 482
355 857
857 689
689 71
355 115
482 780
355 278
278 894
894 589
244 979
553 826
826 583
172 745
114 927
927 142
927 342
142 438
438 412
961 430
430 946
289 744
342 74
74 829
804 992
431 327
327 73
73 547
547 130
130 159
130 708
159 625
708 168
208 613
613 76
76 598
598 991
76 175
175 824
824 399
175 403
175 696
696 251
696 843
696 571
571 134
134 274
134 300
300 709
709 501
300 176
134 527
527 891
501 918
399 719
719 752
918 269
269 732
976 769
769 990
990 915
990 817
817 548
817 273
548 763
805 820
583 97
167 931
931 91
931 467
697 558
449 647
647 169
647 303
169 957
957 967
967 131
967 416
416 673
673 776
776 734
679 652
550 725
851 1000
874 418
418 426
685 257
257 985
1000 971
292 48
48 442
442 298
298 557
298 913
913 806
806 619
806 290
298 674
48 109
109 560
290 158
158 543
543 811
543 420
420 189
543 280
811 855
189 476
189 312
312 315
280 822
822 50
442 99
550 767
767 373
422 427
767 365
365 623
623 884
404 153
153 425
623 710
710 440
710 755
440 112
112 682
755 143
143 777
777 759
777 506
143 870
777 236
139 813
813 152
848 520
520 288
520 807
337 151
151 505
505 747
505 146
146 980
980 194
194 765
765 803
765 973
803 850
973 379
379 942
942 60
60 215
215 963
215 500
500 204
194 56
194 243
56 898
898 788
788 923
923 86
923 781
923 611
793 596
402 559
934 546
546 872
872 42
42 572
572 933
933 421
421 775
42 940
971 196
86 905
986 742
666 886
346 33
251 895
895 799
799 853
853 410
895 778
778 784
778 945
945 741
189 612
612 184
612 103
148 816
816 261
816 439
439 129
129 801
129 521
521 224
224 263
129 654
436 866
821 535
535 96
96 519
26 782
782 977
32 270
129 498
498 749
409 233
284 53
397 525
344 892
287 555
596 510
510 137
137 512
512 368
368 888
946 237
76 393
393 615
559 523
523 424
168 885
730 35
35 363
112 743
743 452
452 193
193 642
193 517
517 21
517 457
937 845
311 174
174 294
294 2
174 617
617 108
617 581
467 964
617 693
284 396
396 653
653 540
540 605
84 245
245 496
245 704
65 82
898 451
451 343
803 700
105 711
874 281
870 406
395 999
281 309
74 319
318 411
128 877
877 912
912 493
493 736
736 588
736 722
722 846
186 935
215 504
530 531
141 503
797 676
676 587
587 210
225 565
885 375
339 351
512 333
710 727
727 464
464 165
464 648
648 268
268 68
648 313
589 561
561 660
660 773
561 552
660 783
783 712
445 405
64 536
536 138
536 95
822 286
334 469
469 242
242 423
423 814
437 461
959 859
859 149
149 207
127 230
230 528
504 122
122 328
252 900
42 320
465 678
4 87
114 603
557 367
924 637
637 468
962 254
254 720
254 285
271 246
246 728
501 380
51 383
383 533
588 94
504 52
52 182
676 794
794 833
583 680
680 828
828 187
461 907
907 323
922 144
144 902
902 218
902 502
502 800
502 981
895 317
163 110
110 569
110 841
841 996
996 626
45 400
438 102
102 988
988 929
299 518
229 16
458 839
839 161
161 956
956 471
155 235
235 858
292 522
844 227
113 549
629 932
932 516
915 338
751 878
859 738
738 30
947 919
746 34
34 345
371 604
604 188
52 487
603 179
580 85
166 484
476 80
466 374
24 639
639 135
639 534
534 718
568 413
628 972
1 350
514 378
827 847
128 62
62 748
748 667
667 705
287 852
324 49
212 443
443 390
390 662
662 258
773 190
74 417
815 302
921 264
991 93
93 173
173 699
699 618
173 474
173 524
93 670
605 20
20 954
67 836
427 88
21 974
242 358
773 104
635 903
437 79
55 779
690 441
175 164
164 262
524 408
506 645
645 63
852 170
494 132
132 11
984 247
689 707
749 181
216 538
59 808
207 508
484 910
522 376
376 46
936 354
354 651
254 563
563 960
451 764
259 545
545 217
89 575
712 428
428 306
306 483
371 868
503 3
137 415
415 336
336 873
336 347
445 486
486 812
679 394
835 786
261 117
741 25
185 58
134 889
437 183
51 692
376 831
834 515
60 958
958 995
248 392
821 201
52 70
70 904
258 975
975 377
536 632
682 566
647 213
465 147
147 762
762 340
787 661
417 419
499 509
827 90
298 593
938 631
540 331
770 398
710 27
554 758
961 796
554 792
693 539
479 220
220 609
861 282
661 17
519 842
842 875
31 671
196 726
246 686
613 582
665 291
324 681
611 429
651 462
462 757
757 537
173 584
584 177
80 723
909 928
231 106
91 39
833 495
966 121
21 433
872 899
610 753
668 72
629 951
443 304
870 724
51 40
713 551
861 655
933 19
411 930
930 226
411 223
951 154
18 526
872 481
291 111
671 301
670 659
582 644
640 854
851 691
70 118
276 507
572 926
351 305
305 702
94 733
936 491
863 101
364 283
855 573
115 352
778 881
552 202
947 29
208 965
784 646
262 36
399 211
722 880
315 44
