1 731
731 1413
1413 1355
1413 4249
731 727
727 4006
4249 886
886 2601
2601 7980
7980 931
2601 1053
1053 7694
1053 7363
2601 5885
1053 4876
4876 6013
6013 4836
4836 322
322 3666
3666 9281
4836 6232
3666 9872
322 5106
5106 194
5106 9951
5106 4140
4140 2261
4140 7721
7721 7419
7419 3238
3238 674
674 7041
7041 1284
7041 3288
1284 2898
2898 1946
2898 6207
1946 8182
8182 4081
8182 9481
1284 8696
1946 6161
9481 9565
8182 7788
7788 3103
7788 5811
7788 1638
1638 3119
3119 365
3119 2084
6161 208
208 2183
1638 9664
3103 8240
8240 7322
5811 9928
9928 1059
1059 8597
8597 6314
9928 6928
1059 5870
5870 8073
8073 8266
6928 9517
9928 6712
6712 2455
2455 2118
5870 4128
6712 4842
6314 4896
4896 6866
9565 815
815 8238
3103 2910
2910 6384
1638 2097
2097 3374
2097 5537
5537 4173
6384 7778
8073 3883
3883 4358
4358 3399
3399 458
458 4520
3399 283
4358 2685
2183 6302
6302 4223
4223 1282
1282 1472
4223 5118
5118 2483
2483 7576
1282 3753
3753 5595
6302 6328
4081 6734
6712 4554
6734 8255
8255 8385
1946 3410
3410 1815
3410 8038
8038 8403
8403 9219
8403 4923
4923 743
4923 1452
8385 7468
1815 9322
9322 2770
9928 2172
2172 3427
5811 8490
9664 7385
3410 601
9928 592
2084 8052
592 932
932 2925
592 5469
5469 286
286 8921
8921 3358
3358 4639
4639 2444
4639 4865
4865 1086
4639 6111
1086 7792
4865 7843
7843 8829
8829 4444
4444 9632
4444 6123
8829 6092
4444 3136
9632 1257
6092 3290
3290 3244
3244 6950
6950 7085
6092 3308
3290 4418
7843 2129
2129 7826
7826 520
7826 9954
9954 464
464 5810
9632 8253
8253 2968
8253 1002
2968 5297
5297 6074
5297 7311
1002 7042
464 1552
4444 498
7826 9033
4444 3043
3043 9357
9357 1108
9033 6164
6164 2656
9357 2106
2106 3636
7843 1188
7085 8464
2106 1200
3244 2014
2014 8537
1002 4710
7085 313
313 173
313 2179
173 7014
7014 6464
6464 2600
173 6364
2179 410
410 1005
7014 4854
2014 8789
4710 2540
2540 1590
2540 6829
6829 5085
2540 9576
1590 1311
4418 1927
5810 2648
2648 3608
3608 9918
3608 3556
3556 3757
3556 3628
3628 583
3628 9602
3358 8756
8756 116
116 1629
8756 104
104 4051
8756 2734
116 4337
4337 7508
7508 2606
2606 5921
2606 5798
5798 8172
7508 9467
2179 6714
1005 9640
9640 4888
4888 4410
4410 4605
4410 8092
1629 5381
5381 2970
2970 3038
3038 6348
6348 381
381 9080
5381 4961
381 8520
8520 8581
8520 1932
1932 1496
1496 2011
6348 1986
1986 3449
3449 6671
1986 2617
2617 9099
6671 1119
1119 5271
1119 131
131 4137
131 9795
9795 1512
1986 1711
1711 1408
1711 2384
9954 7700
7700 5109
5109 5079
7700 2973
7700 3658
9954 6921
3658 4044
4044 5936
4044 1043
1043 8913
8913 8479
8913 5505
8756 2389
2389 12
2389 6075
6075 701
701 2550
2550 991
991 4117
991 6674
6674 3721
12 4203
4203 9762
6075 8021
8021 5600
6123 5169
5169 3995
3995 6895
6895 253
253 8108
253 6038
6038 1294
1294 4087
6038 9821
9033 2053
2053 7038
7038 2047
2047 876
2047 7461
7461 5877
5877 4156
5877 881
881 2156
7461 8206
881 6626
6626 7589
6626 3163
3163 6884
6884 2484
2484 5348
881 3870
3870 2170
3870 1795
3870 3863
3870 4684
3863 6194
6194 5934
5934 7883
5934 4755
2484 1883
1883 7039
7039 818
5877 2768
2768 6215
6215 1135
6215 8665
8665 4676
8665 1279
7038 8901
8901 4979
4979 6995
8901 1442
8901 1036
2170 372
6215 8030
2053 4656
4656 7736
5348 3086
4656 6757
6757 335
6757 4483
4483 3839
7883 5438
372 3530
3530 8548
1135 1251
1251 7878
7878 3837
3837 3515
3515 787
3515 1087
1087 7143
3515 4406
4406 1853
1853 8224
1853 8782
8782 7393
1853 2230
2230 2855
4656 7629
7629 6550
6550 7669
7669 8651
8901 3051
7393 8530
3515 3118
3118 2765
3118 3345
3345 5409
5409 7748
3118 9171
9171 7832
5409 8542
8542 9582
9582 7865
2765 4803
8548 599
7669 884
7878 2633
2633 741
2633 1900
741 2348
2348 3977
741 6510
4979 3239
3239 8781
8781 1175
8781 6235
6235 6486
3239 7981
7981 8116
7981 1030
7981 4068
7981 532
8116 3200
7981 431
431 8005
8005 5964
8005 3606
3606 9282
9282 5533
9282 8662
8662 6680
6680 2858
5533 6193
1030 5950
5950 7010
1030 5923
8116 5587
5923 5520
5520 9521
9521 9776
7010 9081
9081 6945
9081 7731
7731 7198
7198 495
495 1092
1092 2143
495 7205
1092 7081
1092 5903
5903 4801
4801 4146
4146 8765
4801 4169
5903 8257
8257 5760
4146 5474
5474 7268
5474 9903
7268 9926
9926 6268
7268 1018
4146 1486
7268 7152
6268 3166
2143 2436
2436 7925
4146 5378
5378 4084
4084 7303
7303 5982
4084 796
796 5915
5982 1497
1497 4873
5378 8193
8257 1176
8765 9354
7205 5618
1018 1716
5378 6185
2858 1656
1656 4175
5474 7869
7869 9457
9457 5150
5150 7751
9457 2549
2549 4859
4859 7031
7031 1371
1371 7051
7051 5000
4859 1822
1822 8410
8410 9235
2549 6559
6559 9948
9948 7962
4859 2806
2806 2553
2553 1538
1538 3041
2768 2345
2345 8178
2858 3326
3326 5
8116 9443
9443 5560
1822 9723
2484 4013
1822 2430
2430 4080
2430 7343
7343 4010
4010 2518
2518 9350
7981 1804
1804 5393
5393 1487
1487 6210
1487 6654
6654 1079
1079 4382
4382 9785
4382 2655
9785 2005
2005 1734
2655 9500
2005 2442
2442 9829
2442 8008
8008 3235
1036 2637
2637 77
77 2184
2184 4021
2184 3254
3200 803
803 7435
4156 5293
1087 9743
8224 7866
7866 5489
4676 1902
3863 7070
7070 3400
8548 2544
803 174
174 8484
174 6905
6905 1705
2143 5615
599 9170
6995 8347
8347 8322
8322 6629
6629 5363
8178 1615
9582 7096
7096 2618
2618 5228
2618 9463
9463 6951
6951 7611
7611 1069
1069 2584
6951 8736
6951 6961
6961 2887
2887 9058
9058 2709
2709 2068
2068 9794
9794 6476
9794 2928
6476 8312
9794 6048
6048 5552
9794 358
358 730
358 4278
4278 4153
4278 7828
7828 3533
730 9212
9212 9488
9488 6952
9488 8793
6952 4079
4079 9489
9489 5096
5096 7900
4079 2894
9489 4941
4941 5101
5101 546
546 5817
546 1275
1275 1905
358 5946
1275 9394
9394 5845
5845 1567
1567 5053
5053 6352
1567 2763
2763 1574
2763 9770
9770 9624
9624 3186
9624 6270
5817 7953
730 9472
9472 5201
5201 2278
2278 4858
2278 7019
2278 8356
4858 6531
6531 8605
6531 5296
5296 3109
3109 7681
8605 475
475 4823
475 2228
4823 1897
1897 2953
2953 7592
2953 2408
2408 7114
7114 1499
6531 7752
7752 7809
5296 3480
3480 8165
8165 170
170 3471
3480 1793
3480 9391
9391 2652
1793 6835
2652 129
7752 2289
1897 9894
9894 8482
9894 4565
9894 7275
9894 9853
2278 9658
9658 3781
9658 8323
3781 8456
8456 6412
8456 6698
6698 3799
3799 1300
9658 4088
4088 2538
1300 5792
4565 9439
9439 8396
4565 185
185 6138
6138 6735
6735 5384
185 9418
6735 5401
9418 2836
5845 827
827 9153
5792 3568
3568 6149
7869 3027
3027 5985
5985 4999
4999 6007
6007 660
5985 3687
3687 5657
5657 1140
1140 2832
1140 7317
3687 1652
1652 5233
5657 3948
3027 5849
2832 6597
6597 4443
4443 7632
4443 8425
6597 4367
4367 1840
1840 5843
1840 1729
5843 9447
4367 4583
4583 9633
9633 1542
1542 5167
5167 6289
6289 1155
5167 6022
6289 9573
9573 339
5167 7071
7071 5571
2832 133
133 3198
133 1908
1908 7370
1908 5767
5767 3091
3091 2597
2597 8896
3091 7783
8896 809
7370 1759
1759 8761
5849 5948
6007 4976
4976 5220
5220 213
1759 4834
2832 6527
6527 8251
9573 2902
2902 7698
2902 6546
6546 4475
7698 1987
2902 7427
809 6633
6633 9307
9307 6659
6659 6368
9307 4301
4976 4292
4292 998
998 4985
4985 1440
4292 5743
1440 552
552 2486
2486 3600
3600 6982
552 8154
552 3559
6982 6706
6706 2127
4985 5054
9307 4997
8154 6122
6122 5221
5221 1467
6122 2555
6982 5015
1467 6639
5843 4563
1155 7136
6982 2262
4834 901
901 2271
901 4432
2271 6481
4432 1956
2271 9796
9796 8999
8999 1489
1489 1462
1489 7290
7290 1417
1417 9554
9554 4498
1417 3888
3888 9196
3888 7693
9796 836
836 6886
836 27
27 4982
4982 2712
6886 2479
1462 7399
2633 1328
2712 2418
2418 6011
6289 353
2156 1912
6527 7403
7403 1913
1913 3098
3098 4425
7403 1595
3098 7392
7392 4386
4386 8970
8970 9046
7392 9937
9937 8037
8037 1659
1659 9381
9937 3169
8037 4839
4839 2317
2317 7149
4386 4993
4993 5942
9381 5714
5714 5383
4839 419
419 2377
7403 8395
5560 3055
6138 9790
9790 6973
1175 8960
8960 1150
1150 3340
3340 9332
9332 4071
3340 9679
9679 1723
1723 1456
4071 4487
4487 4275
4275 2625
4275 6856
2625 851
599 8650
8901 5113
5113 3779
3779 8002
3779 371
371 8715
7832 959
5201 8245
1716 1044
1044 9908
9908 7804
9908 3539
1300 9841
9841 769
769 6965
6965 5146
5146 7636
7636 3428
7636 4240
4240 5670
5985 4659
4997 1418
1418 2787
2787 2048
2048 7656
2048 849
849 8506
8506 7609
8506 9288
9288 8215
8215 5995
5995 34
9288 3597
3597 6009
3597 5875
5875 3771
5875 2622
5995 5793
8215 1612
1612 122
3597 9146
9146 3681
3681 7437
6009 8679
8679 7939
8679 9010
9010 9139
9010 9913
9913 342
3681 2165
2165 5495
2165 4002
4002 9570
9570 1151
1151 7675
7675 8414
9570 6409
1151 3311
1151 5005
6409 9527
2165 9435
9435 5377
5005 5465
5465 5395
8414 5944
9570 4573
5377 2961
2961 3565
3565 6381
6381 6001
6381 8937
8937 7654
6001 7707
3565 1396
7654 9273
1396 1541
7654 9718
9718 3956
5944 6093
6093 2186
6093 4338
4338 4694
4694 214
214 9680
4338 6778
9680 5103
5465 5172
5172 5610
9680 938
2961 9471
9471 6012
7654 2524
9471 5339
5103 8807
8807 9544
1418 5157
5157 7022
5157 9787
7022 2666
5157 1633
5157 6818
6818 3263
3263 4891
4891 8169
9787 9732
7609 7110
7110 8470
8470 5247
7110 2206
2206 9074
2206 3117
3117 8223
9074 5935
5935 9541
3117 982
982 2388
2388 500
500 9199
9199 9458
9458 9631
9458 8401
8401 5795
500 7288
500 4060
4060 8168
5795 7200
7288 8264
8264 8499
8499 6636
8499 8102
8102 275
6636 1383
1383 8090
1383 8392
8392 7318
7318 5036
7318 8221
8221 3969
5036 3653
8264 7813
8090 7833
7833 8085
7833 1657
1657 1488
1657 7376
8168 9180
9180 7314
8168 740
740 8636
8102 8057
8057 4198
8057 7735
7314 795
795 7571
7571 509
7571 4581
4581 8350
8350 3841
8350 7692
8350 9298
7692 7994
4581 1811
7994 8880
8880 8072
8072 8280
8880 1014
1811 4057
4057 9075
9075 6479
8057 10
10 7688
10 1453
1453 8022
1453 5404
7376 5376
5376 8405
8405 9244
9244 2769
9244 2657
8405 485
485 1613
1613 1401
1401 8771
8771 5496
485 9348
9348 7134
7134 6357
9348 3945
3945 9415
9415 5830
5830 5784
3945 7257
7257 2616
2616 1789
7134 9620
7134 4167
4167 3642
7257 5452
9620 6748
2616 637
6748 423
423 8525
423 3355
8525 5750
5750 2379
3355 5059
5059 2485
5059 183
5496 4516
4516 1786
1786 3028
3028 744
4516 9331
3028 1071
1071 5589
744 203
9331 3456
3456 9421
9421 1796
1796 4567
9331 7820
1786 889
889 5996
5996 3436
3028 9297
9297 7037
7037 4950
4950 7273
4950 975
975 4215
4215 8963
9331 2178
9348 195
1613 4104
7820 3056
7273 3976
8405 5619
5619 4819
4819 3688
3688 8823
3688 6004
6004 8233
8823 6969
6969 6494
6494 2532
6004 2461
2532 7968
7968 7382
7968 651
651 3706
651 258
258 219
258 4871
3706 7408
2178 939
3642 1046
1046 4114
4114 134
134 9815
939 1320
1320 5957
1320 4263
1320 3652
5957 7482
7482 5449
5449 4479
5449 4938
4938 3849
3849 3987
4479 7985
4938 3184
3184 4903
4903 6615
4903 2275
4903 2554
4903 409
409 590
590 9315
590 79
590 6344
6615 3999
6344 9392
2554 9826
2275 9506
9506 5008
6615 7428
1320 921
5957 5509
5509 8134
8134 946
5059 3985
3985 482
482 2453
3985 2808
744 4866
4866 5133
4866 3232
3232 8161
8161 9635
4567 5893
5893 7841
7841 8243
7841 7009
7009 6237
6237 6855
6855 2311
3688 2846
2461 3397
3397 6557
6557 4050
1046 3329
3329 6637
8072 9733
203 1258
9315 4456
6237 8825
4871 279
8243 4439
3969 1728
5133 9278
9421 1471
1471 5341
5341 1617
1617 4749
1471 2944
1471 7757
7757 8554
8554 3413
3413 5175
5341 9483
4749 177
1617 9645
9645 171
9645 1575
7757 5460
1617 4163
9483 4577
8554 7384
5175 6919
6919 5255
7757 711
5255 481
7757 3838
3838 2322
3838 3686
3686 8202
3838 2978
8202 6585
3838 1571
6585 4747
2978 16
16 7567
7567 3591
3838 7552
3686 370
8202 4157
4577 7672
7384 6043
5460 5613
5613 7803
7803 2008
2008 2607
7803 8232
2846 4034
4581 8982
8982 8701
8701 1346
8701 1120
1120 9584
9584 2885
9584 5355
2885 4591
4591 4744
2885 920
920 6678
6678 4580
920 2387
4744 1694
1694 7448
7448 9465
9465 6350
6350 8491
9465 2475
8491 1528
1528 9805
9465 3936
3936 8406
8406 4098
4098 6707
1528 725
725 5191
6350 7319
7319 8806
7319 9486
9486 7770
9486 7881
7881 8972
8972 9378
9378 1974
1974 2145
2145 186
9378 2155
2155 6917
186 451
186 1173
9465 5931
5931 5558
5931 7889
7889 5762
7889 8934
8934 9122
5558 1768
1768 9716
5931 5917
6707 6181
8701 8398
8398 8259
8259 9914
9914 9657
4591 8729
8729 4627
4627 3833
3833 4505
4505 6814
3833 7263
3833 8308
8308 9599
1346 7871
982 3342
3056 1427
8243 4953
8470 1669
920 37
4163 2107
2107 4280
2885 641
641 3727
3727 1953
5348 551
370 7400
7400 9430
9430 3297
3297 7934
7400 8483
8483 5193
3297 6608
8483 9879
7934 6153
6153 6300
6153 3684
3684 4244
4244 9149
6300 1889
3684 2244
6300 5800
5800 1934
5800 3640
6153 2040
3640 1080
1080 6305
3640 9528
3297 7118
6305 5327
3870 6025
2048 4420
4420 4046
4420 3983
3983 5099
3983 3959
3983 7015
3983 5562
5562 7625
7625 8148
8148 23
8148 7047
7047 8718
8718 3293
23 1763
1763 1013
3098 542
542 6634
6634 4933
9743 6894
6894 622
6894 3003
622 3439
3439 4549
6022 2410
2410 5423
5423 6568
6568 5779
5779 207
6568 613
613 1969
1969 3776
3776 6963
6963 7298
6963 4540
4540 8326
4540 8767
8767 6771
6963 3264
5423 3150
3150 6586
6586 3932
3932 7176
3932 4537
3932 1702
3932 4501
4540 4421
4421 5427
4549 5195
5195 9798
1036 1339
1339 3100
3100 236
236 9328
9328 4267
9463 3736
1615 7492
5427 973
973 7191
973 8909
8909 8367
8909 3371
7191 2939
2939 5173
2939 3802
3802 7593
5173 2104
2104 6891
6891 6810
2104 1708
1708 8349
8349 4335
4335 4388
4388 6347
6347 9545
4335 2236
2236 5962
2236 5695
6347 1262
1262 3602
3602 8773
8773 6334
6334 6160
5962 8561
1262 8461
4388 5349
5349 2396
5349 6959
6959 9648
5349 9891
5349 4272
2396 7941
7941 9001
4272 3217
3217 942
942 9040
942 2956
2956 8954
3217 9131
9131 62
62 3521
3521 8328
3521 1879
8954 505
505 4610
4610 895
895 2002
2002 9985
9985 1783
1783 6957
4610 2730
2730 3944
2002 9978
9978 7533
7533 658
6160 878
878 9112
878 6816
6816 4641
6816 8889
878 9161
9161 474
474 2302
2302 4655
4655 8573
4655 393
4655 6301
6301 4452
4655 1271
1271 7992
1271 9984
1271 5181
7992 1051
4655 1439
9984 6473
8328 6211
6211 396
6211 3072
3072 8714
8714 4824
4824 4462
4462 8125
8125 4774
4824 2627
2627 8747
4824 7413
7413 9480
9480 3432
3432 6397
3432 2347
7413 1545
1545 5534
6397 6767
8747 9783
9783 6045
6045 1748
6045 9308
9308 7057
1748 844
8561 1226
658 9672
9672 3623
3623 7112
7112 9569
8349 3614
3614 6798
7992 6087
9985 7553
7553 4265
4265 1507
1768 3615
3615 6465
6465 1549
3615 9039
9545 1350
878 291
9648 8822
8461 2214
2214 446
2214 6694
2214 9100
446 7906
6694 6477
6477 4503
6477 1202
6694 74
74 4466
9100 6980
6980 9195
9195 9129
74 5869
5869 8427
5869 5203
1783 8384
5869 123
123 8842
8573 7678
973 1299
1299 4258
4258 2552
8102 7131
920 9819
9819 43
9819 8149
8149 9960
43 8633
711 8726
8726 7714
7714 6273
7714 906
6273 8929
906 6308
6273 5561
5561 9683
9683 8222
8726 2226
9683 4283
4283 4994
4994 1458
1458 4282
4282 4663
4663 3033
3033 1024
3033 3668
3668 7502
2226 4783
2226 9705
9705 9904
9904 3923
3923 4375
9705 4160
4160 6863
4160 5245
6863 3375
4160 4546
4160 7525
5245 3823
3375 5281
3375 7422
4994 8018
9705 9210
9705 414
9210 1785
1785 4618
4618 8507
8507 8673
8673 7551
8673 5918
4618 9535
9535 2298
2298 2636
7551 2126
6863 9045
9045 4559
4559 4219
4219 630
4219 9217
9217 2355
2636 9598
4219 2714
6863 1951
1951 66
66 997
997 3196
997 6772
997 3578
3578 2193
2193 7686
3578 9996
9904 3039
3039 3099
3039 9311
3099 1530
9311 329
329 374
9311 8247
8247 4751
8247 6425
6425 9304
9304 2862
6425 453
6425 6775
4751 4908
4908 6794
4908 337
4908 3722
8247 784
784 3718
3718 2427
1530 1392
1392 5891
1530 3352
3352 4974
4219 2930
2930 5011
5011 840
840 5084
5084 8762
374 6493
6493 4099
6493 4472
6493 4963
8762 6998
2193 6234
6234 2972
5918 378
378 1038
1038 2125
1038 5803
5803 4598
2125 1780
1780 6206
4598 7937
7937 2242
7937 3680
7937 5723
5723 9754
5723 1325
2242 965
3375 5043
5043 4927
4927 7709
4927 4380
4380 8730
5043 8593
8593 6463
6463 9310
9310 7282
5011 2860
8090 3104
3104 2154
6998 7478
2154 4653
4653 9775
9775 6788
4653 5330
5330 3368
3368 9539
9539 7312
9539 670
670 9816
9816 8622
9816 9361
8622 4234
4234 8510
8510 4298
4234 606
606 1739
670 1626
1626 8780
9539 6061
6061 9424
6061 9363
9363 3550
3550 9562
9562 4383
4383 1627
4383 7297
7297 8579
8579 9088
9088 4735
4735 5486
7297 7950
7950 8386
2408 9614
3104 3958
3958 9814
9814 512
3958 4493
4493 3296
3296 6086
6086 5029
5029 3195
3296 1125
1125 9113
4493 8549
9113 7353
3686 3148
3148 8087
8087 8821
8087 8609
7353 5176
5176 3284
6210 1389
1389 2194
1389 7063
6352 9706
9706 8798
512 790
790 6471
6471 7302
6471 3618
6471 9262
9262 6683
6982 4864
7866 5847
5847 182
182 7811
7811 9382
182 4566
4566 2065
2065 422
2065 2404
2404 5001
5001 6015
6015 7944
7944 1997
2404 2025
2025 7228
2025 6684
7228 8797
2025 8569
2025 8556
8556 694
694 7805
694 7156
694 9939
7156 5454
5454 8958
6015 8120
8569 9400
5454 7658
8797 1943
8958 3294
8797 6874
6874 3164
3164 2812
2812 4363
6874 3742
1997 625
625 2058
7675 8113
2812 1011
1011 9860
9860 4286
9860 2935
2935 241
241 6598
6598 3624
3624 2590
3624 1673
241 6167
241 945
9860 7903
4335 9329
1418 510
510 9197
510 2702
9197 1010
3294 6832
6832 1060
1060 206
206 1579
1579 2441
1060 2012
2012 4812
206 8803
8803 4109
4109 922
4109 2793
206 8735
8735 3173
3173 6632
6632 5574
5574 7626
4812 3557
7632 8055
8055 3567
3567 6655
6655 9920
9920 1475
9920 6145
4641 5829
5829 5838
5838 1312
1312 3540
3540 9812
9812 5494
9812 1736
5829 8336
3540 5125
5125 3767
3767 8278
5494 9880
3540 2121
9880 2209
2209 7336
7336 93
93 1185
3235 562
562 7687
7687 5945
5945 503
503 6609
503 554
2012 4141
4141 596
596 8828
4141 7174
596 9725
8828 2314
596 9505
9505 240
3686 6419
6153 8458
8384 695
695 3168
3168 2829
2829 172
172 7545
7545 1973
7545 5419
5419 6819
6819 2443
2443 6564
7545 5048
5048 2488
6564 466
5048 48
466 7569
48 2109
2443 4951
4951 1738
1738 5360
1738 4321
2443 4235
4235 6922
4235 3549
3549 9383
2829 3671
1738 1850
1850 8603
3671 6839
6839 955
955 3419
1850 2196
6564 8833
6819 7260
7260 2598
4985 3050
3050 7762
7762 9028
9028 649
9028 8357
8357 8640
8640 5727
5727 3584
3584 9208
9208 5475
9208 5161
5161 246
246 8867
9208 3899
3899 3344
3344 508
9028 2821
2821 8146
8640 1704
1704 8476
8476 5171
8146 516
516 3398
3398 5759
516 7579
516 8707
8707 3497
3497 1847
1847 9982
8640 5122
5122 3299
3299 8144
7762 8485
8485 7328
7328 1198
7328 9566
8485 1003
1003 4191
1003 1167
1167 575
575 3464
3464 1191
1191 8524
3464 8713
8713 352
8713 6944
6944 6218
575 7177
7177 6416
8524 8903
8485 7604
7604 1298
6218 1794
1794 9053
9053 4333
4333 9395
9395 5887
575 1852
6944 9953
9953 722
722 2476
722 3858
3858 7397
1298 5121
1167 5882
9566 8000
8000 9597
5121 1603
1603 4900
1603 9445
1603 5977
1167 9889
9889 6378
6378 3417
8000 8126
8126 6276
2476 1904
1904 8478
8478 8533
1003 7816
7816 3620
575 2831
6944 5457
5457 7810
7810 2683
7810 3108
3839 7426
7426 5939
5939 1485
5939 1515
1515 7882
7882 5471
5471 5033
1515 4972
4972 9583
7426 297
7426 9133
9133 9189
7426 5980
5033 5641
1515 7842
5641 7587
7587 7848
7587 7236
9189 3035
3035 3182
3182 5822
3182 144
5822 9247
3035 11
7848 3939
3939 2031
3939 1343
1343 8056
3939 4465
2031 6410
1515 5497
827 8795
8795 6548
6548 7464
7110 4162
8280 6403
7177 8978
8978 5791
8978 6031
6031 4872
649 5039
4938 2951
6270 3097
3097 736
736 4372
4372 4210
4210 5280
736 5975
5975 4526
5280 9726
9726 3292
4372 2028
2028 448
448 6776
6776 4780
4372 1170
1170 7103
7103 9473
5280 7078
9894 199
199 6365
199 9666
6365 2948
9666 2268
6235 6532
6532 3707
3707 2754
3707 8317
3707 3083
3083 7995
4526 978
978 6428
978 1746
6428 5165
5165 5385
5165 4615
2763 7649
7649 4441
4441 1197
1197 8854
2410 8517
8517 9665
8264 1831
9046 3298
649 7442
7442 7456
1708 5148
5148 2817
3035 5283
9053 341
2262 7170
4441 3953
3953 6231
554 5700
5700 7977
8972 9857
7632 8424
6357 6831
6831 2853
6831 3162
6831 1686
1686 2891
1686 9309
9309 7095
7095 6055
6055 87
87 5159
5159 146
87 6572
1686 3289
1694 1644
9435 6588
9457 3250
3250 9943
3250 2679
2679 270
270 5652
5652 8778
8778 5315
8778 8190
5652 4636
4636 3334
3250 5809
2679 6591
6591 4809
6591 3251
4809 2822
4809 8732
3250 8916
8916 4637
3640 909
909 9448
9448 6199
6199 5694
6199 72
72 6257
6257 1841
1841 8358
1841 9478
8358 3142
3142 9818
9818 4200
8233 6224
6224 8362
6224 7734
7734 2380
3288 97
97 1887
291 7648
9743 3242
3242 4323
4323 4775
4775 9104
4775 125
125 4753
4753 8504
4753 2023
2023 3190
2023 2900
2900 817
2900 5179
817 6761
6761 7458
7458 6867
6867 2329
2900 8521
2329 7315
4753 3037
125 6744
1974 7561
5534 3879
3879 1621
3879 7690
1621 2508
2508 7904
1621 7462
5054 4678
3757 3346
9430 9027
9027 2519
9027 216
216 3527
216 6898
216 1813
216 158
6898 9227
9227 700
700 6119
6119 9215
700 6278
6278 1851
1851 2878
6278 44
44 1510
44 9162
1510 7209
1510 538
1851 804
804 8214
8214 3715
3715 811
811 8054
8214 4242
1510 7415
7415 9325
9325 3943
538 4130
3527 1466
1466 1910
1910 4035
1910 4239
4035 9479
4239 3810
4242 5328
5328 5162
5328 7132
5162 4132
7415 180
180 7183
8054 1690
1690 6668
7209 2658
7415 7829
7829 2499
7829 6434
3715 648
648 9938
9938 4365
4365 1527
1527 5493
1527 3942
2499 9580
9580 1084
9580 5218
1084 102
5218 1324
1324 902
902 6492
1324 8845
5218 4289
6668 8804
8804 2868
2878 237
237 7410
7410 5024
5024 3601
3601 1465
3601 7
7 7696
7696 2610
7 3982
3982 2318
3982 6467
6467 2696
6467 6394
2610 9498
9498 779
6467 4718
779 2815
8804 3457
216 8813
804 6737
6737 2890
8054 247
9527 9869
9869 7516
9869 5632
5632 5970
4242 5823
5823 7266
1013 9324
3591 404
9505 9519
9519 9877
9877 5481
5481 3751
3751 3482
3751 957
957 3215
3215 9713
9713 9317
9317 9696
957 9487
3751 2276
2276 4473
9877 8908
8908 9781
2276 8907
8907 7348
7348 633
7348 2581
2581 5009
5009 1017
1017 3832
4289 6106
6106 3935
6106 7513
7513 5156
1324 7005
4618 3890
5610 4827
4827 8084
4827 3817
4827 1701
9903 9252
5843 4149
7149 6696
5156 2776
6696 6393
6393 8393
2953 6514
6514 5556
6514 1508
1508 8481
8481 4530
6514 3337
8481 4308
4530 4460
4460 9675
4530 8159
8159 800
8159 3645
800 9585
800 2512
2512 5202
2512 7153
3645 5230
5230 5120
9675 4355
4355 3319
3319 3013
3013 9962
9962 9687
9962 4850
9962 926
926 6046
6046 5182
5182 2219
2219 8040
2219 3353
6046 9753
2219 6436
6436 9704
3013 7181
5182 7007
3645 9302
9302 5889
9302 8939
9302 1800
1800 7797
1800 467
3013 6118
1800 5282
4308 3857
3857 1751
3857 1076
1076 7332
7007 1765
1765 2438
446 5650
5650 9609
9609 4604
7681 4556
7260 8949
8949 3388
3388 9899
3388 2626
2626 9041
3388 2762
2762 189
2762 1201
1201 2203
329 6309
641 1668
1668 5787
5787 1587
1587 5200
5200 8866
5200 1064
2203 8541
5200 9901
3050 120
4498 8460
8460 5319
5319 64
5319 5954
5319 447
9566 578
578 1696
5319 9994
339 9367
9367 8675
8675 4435
8675 8402
4435 6266
8675 6293
8675 2789
8402 4635
6293 391
391 5781
8336 9103
9103 4912
9103 3573
9103 4041
3573 5756
5756 9810
5756 8346
8346 2212
8346 5547
8346 3564
3564 1387
1387 9952
5547 5504
5504 2884
2884 9271
9271 8722
8722 2861
9271 5317
5317 7959
7959 4545
4545 9374
9374 1907
5317 8570
8570 2124
9103 511
4912 7265
7959 8760
7959 7940
7940 5108
7940 6380
511 1356
1356 5207
3573 8474
8474 5285
9994 6725
2430 2092
4923 8305
8305 9192
9192 5061
5061 8568
8305 6329
6329 7052
7052 703
703 3854
6329 6322
5061 4330
6322 5305
5305 7503
4330 1378
4330 6469
6469 5741
9471 6782
7503 5861
9733 5408
5408 3181
3181 8859
3181 3703
8859 9628
5408 6488
43 5158
5158 4100
4100 9020
4100 970
4100 1493
970 9734
1493 2716
970 9813
9813 4012
4012 2707
4012 7619
7619 1988
7619 9593
4012 7622
1988 9589
9589 1405
9589 6151
7619 9275
2716 885
885 5812
885 5911
7619 7952
4335 5775
4012 3096
4079 9693
9693 9462
9462 9119
9119 165
2763 6291
1191 8855
8855 7137
7137 639
8214 5144
8169 7550
7550 6716
3533 3535
9770 6512
6512 266
266 1799
266 5776
6674 5222
5222 6686
3464 1625
1625 3850
1625 5425
3850 1273
5425 7876
5425 7229
5425 242
1625 8219
8219 2168
5425 6226
6226 2331
6226 4182
6226 4870
4182 1004
4870 5387
5387 9909
5387 5693
1004 8122
8122 8703
8703 4752
4752 6567
8703 5444
5444 9021
9021 3717
9021 7603
3717 4589
5693 73
73 101
101 9061
1004 2805
5376 7244
4298 5894
5894 6792
5894 3741
3741 6002
9733 5720
5720 3864
3864 1873
1873 3384
1873 5258
3384 8420
3864 1025
1025 1344
6694 6385
203 8890
8890 6799
8890 5840
5840 3780
8890 3331
3355 2086
599 9077
9077 4429
4429 8553
8553 1203
1203 7145
7145 7192
7145 8235
3288 6879
5537 4499
7925 5922
6734 2217
2217 4343
4343 2509
2509 3465
3465 1422
2712 6541
6541 7082
1422 230
7198 3507
3507 7637
6744 2503
8605 3493
3493 8917
8917 7166
7166 5467
5467 3307
3307 2997
2997 2642
2642 8503
8503 2323
2323 9128
2323 9686
2642 1028
5467 4197
1615 5710
5710 7423
7423 4304
3680 5415
5415 7443
670 3157
3157 1929
1929 4713
4713 3920
3920 6182
4713 6070
6070 164
6070 9511
9511 8512
6070 9496
164 9543
9543 989
9543 5117
5117 302
302 2234
2234 1482
2234 2558
2234 2428
2428 6651
1482 4613
4613 6722
6722 440
440 105
440 5017
440 3607
5017 6495
3607 3467
3467 8447
3467 6941
6941 1869
8447 9401
5017 8592
4613 1725
9401 1479
1479 5622
1479 3908
3908 2678
2678 929
8447 9065
8512 1160
1160 5692
1160 9644
164 5968
5968 2577
1160 5184
3467 479
6070 4025
4025 5325
4025 1871
7427 3901
3901 3885
3901 9220
5184 3393
3393 4991
4991 8271
1796 5326
5977 7814
7814 4915
4915 9688
9688 6971
7814 9771
9688 2522
9771 1692
9771 1263
1263 9172
6971 1814
1479 8698
9172 7351
7351 9071
7678 638
638 9799
638 1248
1248 8287
1248 5780
638 6595
6595 2096
2096 1477
8235 6575
6575 2376
2376 7104
6575 3077
3077 2038
2376 4312
3687 1925
1925 7727
7727 6387
6387 9529
9529 7023
7023 4759
4759 4524
4759 8381
7727 9368
7023 2786
9368 4689
4689 3087
3087 7011
3087 3468
2786 2328
2328 7300
2328 2378
3468 9464
4689 5482
5482 4394
4394 6126
4394 7020
7020 7421
7421 7667
7020 3842
6126 7274
7274 9681
9464 6021
6021 6155
6021 8519
8519 760
760 1103
760 8648
8648 8226
8226 3191
8648 1939
3191 9578
3191 9784
6155 7331
7331 5548
8648 478
478 1605
478 9652
9652 1672
1672 6857
6857 3052
532 5689
5689 2249
5689 2281
2028 3155
633 9292
9292 4366
7678 8582
8582 3430
4549 7930
5203 8911
8911 4558
4558 9695
4558 5151
4558 5765
3573 6993
6993 8737
6993 2881
6993 6453
6453 4387
4387 2237
1873 5804
6867 1936
1936 5518
9146 5023
5023 4419
3468 3078
5810 7557
7557 591
7557 135
591 6445
6445 679
6445 9051
9051 6130
135 1787
1787 6601
6601 1434
1434 4036
4036 7635
4036 2288
2288 6047
6047 9474
6047 1196
4036 9751
2288 5599
5599 89
7557 7864
6601 2863
7636 7532
6601 684
684 9260
9260 1146
2863 6984
6984 5366
5366 1180
1656 5138
5138 5180
5138 5680
5680 2774
2774 9650
2774 1713
9650 2609
2609 8774
8774 400
400 9094
8774 7986
400 5778
8774 4349
4349 8397
8397 2711
2711 8879
2774 6845
6845 4743
4743 3884
4743 1695
3884 6850
3884 472
3884 3483
3483 9433
3483 8772
8772 7737
9433 9625
9625 3813
9625 5414
5414 4415
9625 5582
3813 1318
1318 4216
4216 9793
9793 7973
9793 8683
8397 2064
2064 1741
1741 7073
9793 5372
5372 5532
5532 8820
8820 7870
8820 1924
1924 5027
5027 7640
5372 2670
1924 528
5372 6888
5027 5570
5570 7729
1924 9698
9698 6574
7640 1206
1206 3205
3205 3685
3205 5569
5569 8884
3685 8775
3685 2594
2594 7048
2594 7697
7697 4782
7048 8792
8792 653
8792 5479
653 2543
2543 9263
2594 3047
3047 4144
3047 7371
7371 843
843 7450
7450 6939
5479 6868
6868 5041
6868 1446
1446 2672
7450 993
9263 2140
1206 3596
7697 6065
6065 3036
7973 9677
9677 202
5138 2409
2409 6202
6065 407
6850 6228
6228 9151
9151 1068
1068 8873
8873 4497
1068 2160
8873 5953
2160 1291
8873 4313
4313 780
780 290
780 667
667 3730
667 3746
3746 2570
472 4584
4313 5007
5007 2651
4637 6543
6543 6650
6543 8923
6650 7227
6650 6577
9395 7791
7791 4703
4349 92
92 4154
4154 941
941 8019
9481 5416
5366 2091
2091 1877
1877 2094
2094 8273
2094 2382
2091 7549
7549 8740
8582 6315
6315 2062
2062 2632
2632 1454
6315 2677
6315 5503
5503 1285
5503 4518
4518 1514
1514 6390
5503 3825
1454 2093
2093 2729
2729 4055
2093 281
2632 7477
281 7642
7642 1808
7642 8638
8638 7706
2729 7896
7477 9619
9619 4251
4251 9193
9193 5827
2093 7480
1808 486
1454 598
598 1351
598 59
598 3216
598 8248
8248 2574
2574 2922
281 288
288 2595
2595 2886
2886 8089
7896 7157
2595 6129
6129 7342
7342 7531
7531 2305
2305 698
7531 1450
9193 6669
6669 8745
7477 7965
8740 2327
2327 6533
2327 2320
8248 4489
4888 6420
342 5848
5848 2539
2539 7641
7641 9846
9846 3697
3697 5491
921 3451
3451 9854
9854 577
577 9409
9409 1916
1916 6955
577 3365
3365 8875
9409 2424
2424 1523
1523 4564
4564 1148
2424 8298
4564 9384
6955 5933
5933 9708
9384 1742
1742 280
280 5925
1742 7284
7284 7000
7000 1875
1875 1952
1952 3387
1523 3128
3128 2346
4564 2221
2221 3491
2221 7076
3491 3806
2221 4825
4825 7032
7032 5268
7032 1576
2221 1797
1797 1548
3491 9407
1548 1947
7076 2921
2921 1874
1523 2983
2983 1867
3365 4402
4402 579
4402 8752
4402 7822
7076 1055
1055 9605
9605 5087
4825 9330
280 5081
5081 1845
1845 1357
1357 8179
1845 7256
7311 5796
5796 6619
5796 278
5796 8941
7952 9807
2178 3873
8726 9231
9231 8618
8714 9048
6293 742
1417 1556
1556 2128
6048 8578
6952 4745
5118 1281
2887 9337
9357 2779
2779 5783
5783 9228
9228 1052
9228 1517
1517 3581
1517 7628
7628 8709
1517 8814
3581 3044
7628 1948
8709 1056
1056 3877
3877 3029
1056 8802
3581 9922
9922 3233
9325 2391
7009 9702
9702 7712
7611 9615
9487 8254
8254 9063
9063 5261
9063 642
642 2098
2098 9971
2098 9365
642 9003
8254 6525
2696 2988
2988 5246
3995 6255
6255 7768
7768 4765
7768 4243
4243 4180
4180 2235
4243 5082
4243 4413
4413 3856
4180 8100
4765 2024
2024 2032
2024 1217
6155 5484
5484 5070
5484 7917
7076 8652
4694 4940
6185 3420
3420 7025
7025 8764
7025 1678
8764 103
8447 9257
7385 3720
3720 5302
6387 3433
6952 6923
6923 1978
1978 9876
6923 7459
7459 3916
3916 1717
9876 6267
9876 7457
7457 7858
7457 4867
6923 8976
7457 1436
1436 7099
1436 1001
7457 2949
1717 9830
7457 9182
9830 6125
7459 4004
4004 4320
9182 2103
4867 114
114 6000
7459 3716
9953 6098
6098 1724
1724 334
334 1289
1289 9044
1289 9912
9912 1726
6436 2494
3198 4047
4047 3588
3533 2255
1851 6970
6970 4416
1932 5226
6922 9845
5395 8494
8494 3389
3389 7749
7749 7908
7908 7033
7033 2856
2856 5448
7033 6847
6847 6648
6847 7627
7627 412
3389 8946
8946 4811
6847 4779
5448 9646
412 4651
4651 9254
5448 6820
4779 4728
4728 2866
4728 6926
2866 841
6926 1999
7749 5519
8946 8422
3027 9117
851 3846
3846 7163
3846 1591
3846 2669
1591 9068
7163 8046
7163 7360
9332 987
987 7653
987 8992
8992 1535
4834 8812
8812 36
8812 2612
2612 3373
36 7998
3373 2621
2612 4928
4928 2537
2537 6535
6535 8364
8046 4971
3568 7773
6492 8621
7773 167
7464 4535
9732 8757
8757 9438
5222 8851
8851 6949
8760 9185
9185 9358
3533 5386
5386 1409
5386 2933
1311 340
340 4544
1409 9738
9738 369
7442 1293
1293 5761
5761 6192
3953 3657
3746 3121
3121 3281
9918 8082
7265 8899
5416 9295
9295 4196
2651 6540
6540 8616
8616 2929
6540 9086
6540 608
608 9305
608 837
9305 4204
837 9979
837 3808
9979 3273
3273 179
9086 1963
1963 8096
8096 9160
1963 7107
7107 2197
2197 31
608 7203
7203 6931
6931 8295
8295 2739
1963 3626
9979 7526
8295 3650
3650 2493
2493 7689
7689 4348
4348 4722
1025 75
75 5990
5990 9449
9449 4294
4294 9232
5990 2684
2684 8045
1552 8864
8864 5002
5002 210
5002 1791
5002 6059
1791 395
9979 2875
5985 1674
6149 3075
3075 3183
3075 7230
8907 7601
7601 4949
9122 198
198 2136
2136 9586
9586 7030
6548 1315
6434 1979
6886 6163
6163 9714
9714 8509
8509 6690
6690 3488
8509 6020
3488 4594
9920 3206
1489 3021
3021 7523
7523 8010
1759 7100
7100 3915
3915 3690
3690 7016
7016 4316
3915 5114
5114 1403
3690 2835
7100 8644
8644 1154
1154 3701
1154 7333
2835 2101
3701 2446
2446 4781
5114 4395
7333 3068
7100 8953
8953 6526
7333 3571
3690 9572
9572 2067
9572 5868
4781 1855
1855 5620
5620 8928
8928 8576
8928 666
1855 2132
2132 5286
2132 5658
2132 5958
5286 3886
3886 7352
7352 2869
2869 1737
1737 8564
8564 1366
8564 2517
7709 1596
1596 5844
1596 8225
8225 6862
8225 7555
8225 7639
7639 6413
5844 2654
2654 3761
2654 1681
1681 7914
7914 9333
9333 7961
7961 3725
7914 6220
7961 7340
3761 7135
7135 3634
3634 1380
7135 1286
1286 7474
7474 5276
5276 7663
7663 6770
6770 4345
1380 3287
7914 8339
8339 1115
1115 6073
9333 9152
6073 5502
5502 2147
5502 3510
3510 6977
6977 4879
5502 6173
3510 1391
1391 4899
3634 5984
5984 2989
5984 2205
2989 8980
2989 9873
2989 4737
2205 3723
3723 3544
3544 672
3544 3222
3222 812
812 6404
3222 2061
3222 7730
3723 6014
9873 8337
8337 655
655 962
7730 7294
7294 1252
1252 6094
1252 8699
8699 5480
8699 879
5480 8869
8337 7338
7338 8062
6173 4681
4681 6813
4681 9258
9258 6421
9258 3185
3185 3314
6813 2480
2480 7536
2480 9670
9670 1801
9670 7125
7125 2586
2586 6198
6198 5210
2586 1859
5210 2435
2435 9923
1801 7283
7283 2639
1801 9405
9405 888
888 7339
1801 5769
5769 2460
2460 5732
5732 2077
2435 9630
9630 1755
2480 9067
9067 4201
2435 5155
5155 3954
2639 5517
5517 7440
7440 7596
9067 1976
1801 8989
2435 6612
6612 8158
9258 6437
6437 8348
6421 7438
3954 7958
5517 7744
7744 536
536 3257
2480 7831
6437 1829
3257 898
7536 5649
2205 29
5984 1667
1667 3487
3487 9062
9062 9504
9062 4083
9062 4817
3487 1234
1234 6837
6837 256
9504 9957
1667 2332
3954 2791
1755 3356
3356 3800
7016 3766
3556 6611
6611 6729
6729 831
831 7237
7237 7088
7088 1806
1806 3277
6729 4458
7237 2294
6905 3310
3310 3214
9960 1586
1586 8887
1586 2564
2564 5959
5959 9116
9116 1619
2564 4389
2564 785
785 3395
4389 3852
2226 9031
9031 7558
6087 4391
4391 2513
1877 9111
9111 8363
8363 7890
2564 3462
3462 4208
4208 3461
3461 2758
4873 3274
3274 2615
2615 6297
6297 3713
2615 8600
8600 6117
6117 4393
6117 5660
9474 7211
4563 9008
9008 4309
4309 494
494 2743
4309 5204
2743 2851
5204 5550
494 338
9008 3073
3257 9402
9402 7747
2311 1124
1124 918
1124 6222
6222 1075
918 4307
918 5051
5051 4846
4846 5035
4846 3860
4846 5141
5141 5455
5455 1128
5141 1314
5455 4717
4717 7164
7164 6135
6135 394
3886 6809
6809 3542
9122 9927
9927 5516
5516 8440
5516 1334
1334 6366
1334 5584
5584 6719
5516 1537
1537 81
1537 8562
8562 8522
1334 463
463 8277
463 3931
3931 7391
9927 78
78 8275
8275 9980
3931 7218
6366 1839
338 9006
929 8059
8059 2896
2896 347
2032 9844
9844 7258
7258 9494
9494 5751
5751 6872
5751 4151
4151 1102
4151 4894
4151 6157
5751 3970
7258 2694
2694 452
4435 2820
6157 9029
9029 5071
9029 7507
7507 2083
2083 5771
5071 4143
2083 9764
7507 3941
3941 6190
3941 5895
6190 6825
3941 1700
1700 4486
5518 6726
6726 9822
9822 5013
1017 255
1092 1104
1104 4944
4944 6096
7778 35
35 1758
35 8227
8227 7652
7652 9379
7652 7299
7652 6763
6763 1835
2554 9253
508 5607
5903 5629
4204 7591
7591 6256
6256 5531
5531 2456
5531 5445
5445 4599
4599 4515
5445 1531
536 8704
2443 304
2125 3962
8775 6822
2023 5590
5590 1654
7322 7683
921 8498
8498 6806
1339 1073
1530 5645
4156 7199
8747 5835
5835 343
343 1190
9252 6899
1493 9915
3235 4847
4847 4622
9182 1846
1846 7838
7838 2149
6211 3283
583 6076
1046 6553
6553 9017
3771 303
5595 4661
4661 5688
5688 6587
5099 582
8364 9924
9924 8500
6211 9158
9158 1998
1998 3740
4661 316
7181 7398
4104 2529
2529 2264
486 2926
2926 7834
1203 5973
7810 2360
2360 91
5061 3576
8424 7115
7115 1501
8696 2568
2568 3454
2568 1123
1123 2465
2568 3897
3897 3903
2568 4981
4981 4327
3454 3625
1574 3500
1380 550
550 1214
1214 4076
4076 4523
4523 6433
4076 7947
4076 7990
7990 8738
8738 7445
7990 6041
6041 9558
9558 6927
9558 7782
7782 824
6041 7470
9980 4947
4947 2981
1700 8566
8323 3455
3455 6815
5689 3728
2441 1223
1973 2599
2599 4168
4168 4009
4009 8383
2599 3579
2599 6116
6116 2159
2159 8261
3579 8905
8905 9284
8905 2963
9284 5579
5579 2458
8261 7847
2458 2432
8383 3517
3517 4293
4293 8170
8170 9678
5579 5032
5032 2879
5032 1177
1177 3440
5579 3343
3579 4998
3181 5429
2879 6834
8499 2402
8963 1560
1560 8827
1560 916
5975 7466
1515 7638
7638 9537
4537 9451
9451 7197
9451 1698
1698 1105
1105 8700
1105 6964
6964 4820
6964 3698
8700 9525
3698 4007
8494 9727
9727 9163
9727 9744
7435 8368
8368 765
765 4187
3544 5402
5402 6924
6924 159
6778 438
8144 4129
5861 5078
7934 139
139 4788
4788 8285
9033 8450
8450 4440
8450 5656
5122 618
4788 9741
9741 9896
7998 5774
3884 4455
694 7720
7720 7373
7373 3015
3015 8105
8105 1580
8105 426
426 9563
9563 7759
8105 3898
4455 9917
5261 7538
7538 5270
9696 7357
6352 656
656 5576
5378 8469
8469 4547
8469 839
8403 9090
9090 4919
4919 543
543 1111
543 187
187 5382
543 2826
4919 7505
3356 8196
8196 4690
4690 9513
9513 1402
1402 3768
9513 4212
4212 1816
4212 7404
7404 3930
4212 56
7404 8283
266 4829
4829 3538
3538 4793
4793 4978
630 8863
8863 151
8478 8628
1200 284
8628 9251
9292 149
7057 6728
6728 2189
2189 3562
2189 2874
2189 5206
5206 9999
2189 5291
3562 5637
9999 4464
3716 8612
9500 9925
7263 5880
5880 8194
8247 2056
2056 9145
9145 7942
9145 3651
1987 8594
6648 6141
6141 7424
6141 4233
4233 5716
4233 330
5716 7798
7798 5715
5715 1526
4233 6127
3166 7519
7519 190
9486 1367
2346 2735
7642 461
9302 9385
9385 4461
3713 576
576 2967
2967 8862
576 428
428 8061
8061 1101
8862 1067
1067 8721
4912 1821
1821 9059
3003 3423
3423 3146
3146 7868
7868 323
323 2767
3423 9692
9692 9064
2767 4724
5291 9863
8992 3014
3186 979
979 6052
6052 6797
6797 4917
5051 2229
7082 805
9781 7293
1059 39
2441 9801
8976 9243
9243 2986
2779 5300
6597 2676
2676 5149
2676 6538
1698 9169
9169 2018
9169 3805
4747 5865
5865 2286
6834 1134
7303 9906
290 8604
8604 259
8604 8051
8604 8668
1134 9611
9611 7541
7541 2000
2000 5514
7541 2661
2661 8672
9611 1885
2000 6388
8672 9285
9285 5240
5240 5753
5240 9468
5514 5834
5834 1169
1169 9057
9057 9916
9916 5739
9916 6209
5739 7659
6209 5037
5037 2113
2113 8853
8853 4237
5037 7771
7771 2304
2304 1491
2304 8523
8523 6083
6083 3218
1491 2695
8523 1172
1172 58
1172 2022
58 1233
5739 9774
2517 229
229 2046
2046 7045
2046 1903
4589 8131
6224 8029
8029 8540
9435 1032
8029 5116
5116 3129
3129 6936
7656 515
515 8426
515 4400
4400 362
515 239
239 9735
1185 5130
922 2365
651 5248
2230 2623
1627 8377
8377 1594
2136 677
5650 2959
2959 4246
4246 7151
1900 7259
4455 3069
3069 798
9799 2157
2157 2650
2157 1636
2157 6753
6087 3748
5950 6036
2650 1519
1519 561
1519 4795
4795 7269
7314 6869
5165 5604
5604 2899
7693 8567
9080 257
257 7724
7953 6402
5781 646
646 8262
8262 2354
2354 1400
1400 2828
428 8033
9511 707
707 8497
8497 6203
4215 3635
3602 5682
1440 7685
4013 8885
8885 6461
6461 8624
4497 4260
4260 5815
3198 1074
1074 7141
7141 5814
5814 2207
2207 1142
1142 6544
6544 2563
1142 2990
2563 2385
2563 9249
9249 6459
1142 2964
2964 4754
2964 9326
2964 9316
9316 6144
9316 6484
6144 3401
3401 758
758 2640
2640 333
6544 2560
2964 5145
3401 5541
5541 6571
6571 3638
3638 6062
6062 4924
4924 9115
6062 3225
3225 8025
4924 425
9115 5022
6062 8680
6062 9279
9279 777
777 6371
6371 361
6459 9898
9898 3385
3385 1483
1483 5153
5153 6916
5695 7682
7682 9940
7682 5510
5510 6604
6604 437
437 4131
4131 8409
4131 2338
8409 4091
8409 1516
9940 2535
6484 5279
5279 5807
5807 806
5807 6584
6584 4814
4814 3612
9582 1404
1404 4459
4459 5045
1404 540
4459 521
521 4354
4354 4378
4378 669
669 5916
521 6242
6242 7162
7162 1327
6242 3010
3010 6804
3010 5066
5066 307
307 5543
5543 1660
5066 8750
5916 2400
2400 7845
7845 4484
4484 917
7626 9976
9976 9888
1660 7668
7668 602
7668 9156
9156 5850
5850 8058
8058 9138
9138 4634
602 8975
4634 7702
9138 2747
2747 9867
2747 5431
2747 7922
5431 1457
7922 300
7702 7621
602 2015
7922 1805
1805 9553
9553 8697
1805 3998
2747 2562
9156 3566
3566 1267
3566 1689
1689 1301
1301 3892
4441 9236
3833 2667
2667 8639
8639 8304
8304 2280
2667 8940
8940 5735
7706 7620
2327 1476
1476 507
8116 2582
3995 2533
2533 6400
6400 6616
6616 9245
9245 2192
6616 4447
4447 1543
6616 4121
4121 1369
1369 3918
1369 6529
6529 6795
6795 1209
6795 5072
5072 1199
3918 3341
4121 5667
5667 2340
5072 364
364 1662
1662 8637
8637 9187
8637 2664
9187 9656
364 4750
4750 9949
6529 7574
8474 4285
4285 9991
9991 3335
8745 8641
8641 7018
7018 8263
8263 4214
8641 6889
8263 3156
3156 5168
5168 7733
7733 1302
7733 5611
5611 8898
5611 4236
1378 2421
2421 2452
2421 7763
2421 999
2421 1240
1240 4027
4027 7248
4589 1187
2345 533
540 5826
3538 6077
6077 6253
6077 148
148 2138
148 9456
2138 6204
148 1721
1721 7863
148 5805
5805 5100
5100 3412
5805 8286
8286 8574
5805 1296
7863 4101
9456 1893
1893 345
7714 4962
4583 7907
4348 4911
4911 3534
4911 7521
5015 5992
4998 9946
1717 887
887 126
126 3208
2008 5683
5683 7189
7189 9036
5683 8399
8399 4901
4901 6528
6528 2840
4901 2287
7952 3516
3516 8602
8602 3478
8602 3826
3826 9216
3516 4176
4176 8112
8112 8394
8394 4986
8112 7819
7841 9341
8520 8768
8768 57
57 1338
8768 5789
1338 866
866 3580
866 3791
866 6646
6646 7756
1338 8848
3580 9150
9150 1399
5 719
719 5588
5588 1817
1817 6670
6670 7901
7901 4250
4250 8416
1817 3704
8328 8060
396 8755
9565 9052
9052 6411
6411 5859
5859 1945
1945 8069
1945 5309
5309 6711
6711 2962
6711 9144
8069 8684
8684 3738
3976 1959
1959 7650
3738 5605
536 8292
7557 7460
7460 868
868 5208
1535 994
3645 6871
5751 1911
1911 6560
6560 3
3 747
747 4913
4913 2630
3 8766
3 6902
6902 2307
955 9900
4913 5928
5928 2222
2222 8902
2222 5960
5928 5884
339 6472
6472 9788
9788 9613
3 2080
1366 9406
7125 7974
3288 6134
8901 6805
6805 5832
6805 9155
9155 3249
5832 737
737 7001
3249 4165
737 6607
6607 6860
7001 9849
1018 7855
7855 3323
3323 8389
3323 7433
7433 1558
1558 4769
4769 51
1558 7467
7433 8841
8841 6663
8841 517
8389 3165
3165 4878
4878 6785
4143 3322
3322 4632
4632 204
204 4075
4632 3366
204 6796
6796 8671
6796 2571
3307 3268
542 1533
1533 3406
1533 6647
8521 4414
9545 5308
3983 6407
6407 130
130 7964
7964 4322
4322 4107
6407 3880
7964 2576
2576 4701
6407 1412
1412 5292
8521 3772
4109 7899
8798 157
157 4113
157 1066
4113 5012
4380 5669
3238 585
7639 8189
8189 7208
7208 6507
7208 1162
6507 8922
1162 1192
5121 4016
4016 6515
6515 2688
2688 4602
4602 8468
8468 4692
4692 399
4839 226
2408 2026
939 9168
9168 1215
1215 6570
1215 8160
8160 1863
1863 4699
8937 4840
6863 7245
7245 3474
7245 7716
7716 5485
7716 8606
5918 7202
8606 6229
6229 9022
9022 4562
4562 2215
6229 4507
475 4857
4562 9674
4840 7932
3238 7616
7932 2437
2437 6435
4962 3112
3112 6505
3112 4125
4125 7173
7173 9491
9491 4907
6505 813
8506 2501
2501 8776
4907 5160
3962 9108
9108 4926
606 2708
1596 869
5141 910
2143 4008
1076 799
799 1421
1421 9911
5280 9025
8266 7703
472 8284
2711 429
75 6223
6223 4673
4673 3282
6223 5549
5549 7633
5549 5511
5511 2995
2995 4983
2995 9060
3282 8514
8514 4646
4983 6542
297 5614
869 8997
7085 6768
6768 8157
8157 7349
2340 163
163 3396
8337 8041
8041 4352
8041 8550
475 4665
8157 8419
955 7180
7297 6516
719 1342
8735 7050
89 7093
6815 9555
6096 7945
7945 1864
1864 4882
1864 4760
1864 6689
1864 3240
4882 7750
7750 4195
4195 685
1864 9294
4760 6878
7945 571
571 632
5151 5736
5736 9101
9101 287
9275 2195
2195 6738
6738 8959
8959 1828
8582 2888
2888 4359
4359 8918
2888 1216
8766 4570
4570 750
750 7926
750 5664
5664 2111
2111 7877
7877 5757
7877 205
205 8150
8150 5785
5869 2792
1874 1089
1089 1771
1771 9255
1771 4178
9156 7807
2618 1965
1965 4177
472 850
850 2844
5309 3105
1936 4980
4980 5522
9781 4939
4939 9868
9868 1745
3105 8489
8489 8724
8724 4190
4190 6613
4190 768
7269 90
90 4245
1903 3541
8225 2753
2753 1008
1008 7201
7201 6903
6903 628
7201 3819
7110 9728
9728 6423
6423 2144
2144 4845
4845 4288
1187 2945
2945 5306
5306 7281
7281 6212
8149 7453
7453 28
3736 4319
4319 5866
7589 2934
9262 1256
1493 3572
3572 2162
2162 9184
9184 1288
2162 8314
8314 156
2162 6051
6185 363
3802 1906
1906 7097
7097 949
7097 4715
4715 1306
4715 1242
1242 6786
6786 5498
5096 627
1542 9651
8696 7600
7600 2723
2723 2466
2723 8156
2466 1183
1183 774
774 3775
774 7972
3775 7795
7972 3133
2466 1144
2723 8310
8310 1274
1274 1634
1634 7346
7346 2491
1274 1563
1274 5994
5994 2358
2358 60
1634 1564
1564 1551
7346 5389
2491 4476
4476 8758
5994 1494
8310 6008
1564 5749
1489 4303
602 8013
8013 5802
8030 5256
6190 5477
5477 3926
135 8369
9576 7327
453 923
923 555
6719 1834
1834 8952
8952 9222
9222 7358
9222 8647
8952 8927
8927 4377
9222 7463
7463 5754
5754 4629
4629 8892
7463 7065
7065 4469
1834 705
3771 9453
3908 2660
7065 5278
2111 9300
3491 718
718 5594
9867 9437
3155 6759
608 6263
6263 2198
6263 3496
9384 1205
2338 9078
800 5353
8030 9319
2062 7861
7861 1606
1606 4586
1606 3911
1606 5616
1606 3910
4586 2741
2741 1722
7861 7454
4622 573
573 9362
5033 9204
9204 3327
3327 8321
7845 7760
7760 6498
6498 5871
6498 6882
7760 4761
4761 7483
7483 8457
5871 9000
9000 6191
9000 8708
8708 6162
5871 5872
9000 8448
7930 1525
1525 5630
5630 816
816 7775
7775 5238
5238 6399
6399 4171
1525 6721
1123 2135
2135 4786
5630 4525
4525 4609
2318 1213
658 4370
4370 5307
1758 859
3343 8236
8236 9466
9466 4295
4295 7777
7777 193
193 2943
193 7936
9466 9035
7936 4490
4765 1227
1227 8462
8462 7983
7983 8805
8805 175
175 5410
8805 3409
1227 9700
5410 8137
1240 1280
1280 3486
9473 9966
9966 5134
9966 8658
8658 8032
8658 6331
6331 8228
6331 7432
6331 5274
5274 2420
7936 7857
278 7362
9584 8994
407 1236
1236 8670
1236 4340
6218 8692
5933 7396
2268 8608
8608 3042
3942 6325
1590 7291
7291 9137
7291 8763
8131 6124
6866 8502
8502 8216
6601 2903
2903 5708
4215 3696
3696 2882
3696 5104
5104 487
5614 3094
3094 8900
6126 2417
2417 4315
4315 8289
4315 7425
8289 1664
4315 1414
1414 600
600 4720
7425 1842
4720 2158
2158 1094
1094 1964
1964 3756
1493 2290
5480 2482
1925 8272
9033 9312
9312 5112
9312 858
5112 354
354 9965
9965 9441
9965 7389
9965 1463
9965 1588
1463 8632
8632 9353
9441 5313
1953 3912
3208 9832
8362 8166
8166 6773
8166 8876
6648 6233
6233 4026
4026 254
6233 4930
4930 6536
8326 6582
6582 3095
6582 8331
8331 7608
7608 3979
3979 6369
6582 3522
3344 9242
9242 1072
9242 3057
1072 6277
7041 7090
7090 7957
7090 10000
5208 7002
7002 5034
7002 9779
5034 4184
9779 3929
5034 2182
7658 6261
4312 3255
9657 9380
1315 5728
5728 5370
2170 2383
2600 17
17 9174
9174 2463
17 5969
87 8099
6031 5906
4653 6954
5493 152
370 4790
3264 974
6229 6147
6147 833
6663 2620
2620 4675
4675 2649
2620 5643
4675 3674
4675 4468
1708 3435
5160 2267
2096 6269
6269 1555
6269 7006
7006 983
983 2572
2572 6640
5079 9389
3322 6027
4131 2551
2551 5074
5074 9673
9673 5617
2551 4841
2551 3709
6315 8074
8074 7185
9046 4832
3969 6853
6651 2998
3945 2980
9036 2395
2395 9148
9148 1406
2395 8111
8111 1431
1431 7087
1406 3394
3394 6990
6990 6133
6734 3333
4132 4351
3128 3220
8562 4521
4521 5983
5983 3893
3893 4679
5983 4474
4521 2039
9673 2246
2246 3513
3513 1677
3513 2545
2545 1247
8470 9280
9280 5394
7953 9241
9241 2161
2626 786
786 9637
2789 6171
8018 5634
6564 5855
5855 7500
5855 8661
8661 6351
7500 7800
5855 4920
8406 1277
1277 1478
75 9338
9208 738
9040 5060
1315 3107
9338 1210
1210 9802
9802 9121
9121 9588
9121 4528
8310 6555
3399 4020
4020 3363
3363 4645
4645 217
485 5609
5423 2450
2450 2663
5005 3460
3460 5076
7413 5019
5019 8914
4865 143
1660 8302
1404 7079
5278 6121
6121 5841
5841 245
245 9373
4237 6846
2377 5698
5960 296
5520 9224
9224 3203
453 5443
48 1027
1027 7753
6655 2260
2988 8749
7291 3271
3271 138
138 9349
9349 2668
138 6592
138 4672
3550 3347
3347 8282
8282 870
870 1506
8282 7168
5355 3896
2683 8258
2430 9992
9992 3147
9992 5873
3147 1570
1570 3950
3147 863
9170 4003
4003 548
548 4118
4118 6139
6139 5354
5354 4259
6139 1798
1798 1534
2024 8720
3651 3429
8170 3067
3067 4702
4702 6042
6042 8340
8340 759
759 823
823 652
823 1740
652 2316
3067 873
873 1129
6042 8373
8373 4869
4869 7306
4869 8531
7306 7743
6788 5418
9555 4145
2684 349
3455 8800
5071 4773
4773 9165
5728 8132
8132 4311
4311 5243
3496 3223
4383 2082
6011 2993
2993 50
50 530
50 6258
2993 1164
1164 2470
1164 7517
6258 814
2993 4946
6493 3789
3789 6115
3789 5329
5329 9250
7795 3302
3780 905
2875 1781
1781 8121
8121 8344
3915 8860
8860 7077
9681 3256
3256 6110
3256 4077
1965 38
38 4228
4228 4224
4224 1685
4224 6621
6621 3492
3492 8345
2558 971
1910 7409
7409 6170
6093 9427
316 332
4584 8049
1542 865
865 3866
7959 9428
4859 3575
3575 3351
3351 7955
7955 6700
6700 4166
7955 2718
2718 953
6700 8465
8465 1812
6700 1106
1106 1665
2718 1505
1505 4700
4700 260
260 3278
8465 7465
7465 855
855 2596
2596 9866
9866 5321
5321 9560
855 2297
2297 4768
4166 6456
6456 4996
4996 3245
3245 4988
4988 1468
855 2895
1505 331
4447 8270
8270 6997
8270 6085
8270 9256
9256 3859
3859 9595
3859 9828
9828 5068
5068 7746
5068 2635
2635 1584
2635 802
9828 7853
7853 3076
3076 3122
3122 9931
3122 8138
8138 7999
7999 4342
8138 5252
3674 3382
1105 8796
8796 3619
8796 1682
1682 1631
5207 5413
5413 6599
6476 2163
2163 2693
2693 2257
2257 3835
3835 5507
5507 5312
5507 3338
3183 1000
3393 6114
9614 1540
8845 6078
6078 7243
8224 6180
7268 80
9962 5593
6347 972
7798 3524
6043 6262
6262 5926
8082 4356
7090 1715
4786 848
848 4805
4805 416
5330 9601
9601 4742
9601 2796
2796 8297
8297 3009
8851 2833
2833 6458
4982 9851
9851 5310
5310 4970
7589 6367
1173 643
643 4310
7382 8411
8411 2478
8347 4257
4257 2434
4257 1490
2478 8601
6869 7279
7279 3431
2626 9377
9377 529
9377 4159
4159 3174
3174 7250
7250 4058
4058 3994
9377 3008
8715 729
729 4895
4895 398
398 9715
398 4693
4058 5466
9389 6784
6784 5123
6784 748
748 4139
2545 2530
90 1428
1428 6338
6338 8826
6338 2674
2674 2079
8675 3062
3062 502
6325 5375
5375 8995
5375 4848
3998 2731
2731 2243
2243 4374
4374 6658
179 2748
1845 4628
431 5967
9521 6606
6606 8979
6606 9550
9550 629
9550 1330
1330 8115
1330 904
904 589
589 7506
7506 3814
3814 5124
6606 8475
8475 6713
6713 8471
1187 6405
6405 5275
4258 3792
3792 9847
9847 1618
1618 1379
3792 6583
6583 853
853 2330
9153 6652
6652 4188
5780 8109
8109 430
430 6624
6624 6281
8109 9712
9712 1260
7778 1375
4036 8009
8009 2814
2814 9886
9886 433
9886 5991
433 9339
9886 496
4137 1982
1982 32
1982 3320
3320 1438
6074 3644
3644 7784
3644 7120
3644 1310
1310 5585
9197 1359
1359 1989
1359 9663
9663 4480
9663 5515
5515 3143
3572 417
417 9800
9800 1752
1752 8666
1752 8044
8044 2773
2773 7240
7240 8094
2773 8950
6637 1278
1278 7725
7725 6554
6554 8217
8217 8832
9478 2411
2217 6934
2553 5178
5178 7912
4313 1550
7007 7021
7021 4494
7021 5748
7021 2877
2877 5362
2877 8234
8234 8107
8107 3752
8107 1220
8107 5726
5726 7469
3173 4677
4677 9147
4677 3020
1903 6379
6379 6186
6615 5770
5255 2865
6527 662
1523 5407
5407 6343
2658 8850
628 1480
8665 1042
9796 2603
8154 8689
8651 7233
7233 2492
2492 2055
2055 6039
2492 5055
5055 384
5055 2871
2871 6958
6958 609
2871 9661
5055 2300
2300 5729
5729 6865
9338 9522
5868 8815
8815 268
268 115
8815 3212
6629 8118
1371 3304
3304 2870
2870 4065
3304 2063
2063 1424
1424 4630
1424 835
1424 1938
1938 4152
1938 6638
4152 6056
1424 6702
4152 7375
4065 6783
6783 570
570 1524
1524 65
1524 6406
6406 49
6638 4921
1738 3437
8447 2681
6783 4517
3625 3843
9799 1410
9116 2915
9147 1353
1353 1645
1645 3178
3178 8065
8065 9835
8065 9755
9755 9234
3076 9157
9157 1470
7328 3750
8243 7913
7759 7239
7239 2021
2021 9109
9109 2705
2021 6660
6660 4671
4671 2019
2019 8816
9109 1292
1292 1237
1237 6018
2021 764
8328 4696
627 2033
5630 960
4113 8267
8267 1637
1637 3611
3611 6875
6875 6288
6288 2634
2634 7910
6288 6264
7910 5705
9234 6749
9078 9125
164 1611
511 4960
4960 8695
8695 411
411 2095
411 6238
1344 6252
6252 4650
6252 6635
8695 3847
3847 6003
3847 7075
6722 5223
5928 1460
2861 7718
4107 3914
3914 1290
3914 9707
9707 3498
2890 5216
5216 7434
4724 9140
2990 460
460 2213
7500 7512
7512 6900
3220 2342
2342 3120
6494 5374
6494 4148
4148 7308
7308 328
328 9159
9159 1996
328 7732
7732 4633
4633 8133
7308 735
735 8209
7174 5249
4639 5259
7855 5073
5073 5639
5073 76
5639 7488
7488 6967
5639 2291
307 6285
5130 8014
7203 1684
1684 8971
8416 1616
1476 9811
1465 1769
9219 1050
1050 4230
1050 8281
9363 261
2642 5930
370 3647
3647 7978
7978 4170
6559 7024
7024 7818
7818 930
7818 484
6405 8104
8104 4579
4579 861
1233 9756
9756 5235
9756 1790
1790 6976
8037 9959
9959 1823
4882 4810
8074 4686
1752 3656
9242 492
492 9557
492 928
9557 7967
4581 7530
7530 4887
4887 7414
4887 2957
7414 4918
4918 7341
2340 1259
3027 4463
7505 6709
6709 1429
1429 3330
3330 6491
3330 5782
3330 7631
3330 4890
8892 1868
8474 2426
2426 2645
928 9765
9765 7101
5475 8378
8378 9120
9120 8053
8053 7105
8378 2270
3566 252
252 8077
8077 9018
9018 2755
1516 5344
5344 4213
7627 9270
2330 7874
2246 4587
4587 7595
9496 4977
2430 3177
3932 9313
9517 4217
1571 9883
9883 3082
3082 7590
8999 1132
3069 9493
8248 4028
9753 5905
2945 1107
1103 3005
3005 937
937 9223
937 8454
6650 752
9599 3622
3622 388
388 682
682 9616
388 6361
6541 721
721 4942
4942 8467
8467 5879
4942 5927
8467 1833
1840 557
557 9981
9981 2721
2721 2613
557 3140
8021 6441
6441 5187
6441 1608
5187 588
588 5646
588 3066
588 4797
3066 3529
2959 6701
7725 1643
1643 9608
9853 9893
9893 7383
7383 3921
7383 610
7383 4784
1542 1926
8271 6697
3752 18
8448 3981
2430 5478
5415 1358
1358 624
624 6893
1358 9359
9359 5635
5635 6259
6259 872
6259 5525
5525 3197
3197 4642
9359 9941
9359 5636
2866 2909
2909 7222
7222 6881
6881 3577
6881 3655
3655 7960
7222 1261
1261 6906
2909 3876
3876 2838
2596 4513
4513 5862
5862 713
713 7491
5275 5846
5382 2897
2530 1057
5807 9248
9248 4031
9248 3629
3629 3031
4584 867
6875 7196
6163 9864
9295 9838
9838 6602
6602 8268
4007 9490
332 6137
9465 5623
6778 2069
9650 1940
1940 8710
8710 1033
7716 223
223 2843
4118 7617
3205 4062
2563 2481
2481 9390
2481 5836
5836 7175
9390 7147
7175 4721
8767 1687
1687 693
2127 181
242 61
1491 4989
4989 2823
4989 4880
4989 2720
2729 892
892 4326
892 3682
3682 145
4326 7577
9802 243
653 3064
3064 1941
3064 5997
5997 7171
8927 7289
7289 8181
632 468
468 6940
6940 7948
6940 9763
7633 3553
6940 5951
1032 9043
9043 6522
6522 9772
6522 9581
6784 445
445 3990
8670 8318
8318 9739
8318 1138
1138 1270
4681 459
459 3324
3324 2406
1596 4560
4560 6576
6576 4898
4898 6426
4898 4361
6576 4209
4209 5506
9880 8195
8195 2319
3165 4935
4935 5093
8720 5713
4935 2797
7950 9777
5669 3123
9726 5250
4374 5273
5273 3627
5273 8231
5273 862
862 8964
8964 6251
6251 1882
1882 2984
2984 1250
5273 6072
1603 9360
2833 7664
7664 9047
9047 8204
8204 9694
9694 3416
9694 9274
8204 9026
2829 9323
9323 3675
3675 912
3675 1972
1972 3463
3463 7418
3463 6920
779 24
4745 2960
24 8930
8930 2602
2602 3380
2602 913
913 5890
913 7859
3380 3458
3458 5446
3458 8480
5446 3853
3458 8893
3853 7374
7374 4945
4945 2542
2542 7852
7852 2952
7374 7849
7849 4612
7849 6386
6386 3030
4612 8910
2542 3361
3361 7835
4035 3928
3928 6877
3928 564
3928 8177
8177 1062
6877 9503
7783 1364
1364 6779
6779 9351
6779 9403
9403 623
9351 845
9351 4934
4934 1110
1110 8831
8831 3702
3702 4211
8831 7072
3702 7111
6779 9997
7706 6739
9940 1776
1776 1602
876 9246
5255 5277
5277 2349
2349 5626
5274 3269
3269 6499
3269 2105
6499 8981
8981 1384
8981 3788
3788 8423
3550 3637
3637 6446
6446 8208
6446 1039
6446 9226
9226 789
789 2750
2750 829
789 2849
2849 6966
8208 7586
6446 2775
3637 7264
8423 1335
4599 9127
9127 6981
9127 3381
9127 4885
9563 8319
8771 7710
6629 4852
4459 5126
8708 4014
4014 6028
6028 8140
8140 9536
6028 5476
9536 3336
2835 1126
1126 2659
2659 3442
1126 8656
245 4052
8768 4815
8238 86
86 3973
5616 1455
1455 8852
3299 9012
9012 465
6638 8505
8505 5572
5572 5961
5961 5380
5961 4868
4868 2464
4868 8727
5380 2583
4868 791
4868 1675
1675 820
820 4695
791 1503
1503 6382
6382 5956
5956 2918
2918 992
5572 6723
4979 7796
921 615
615 2591
615 6327
615 9082
2621 2919
5159 3261
3261 880
880 4990
4990 4830
6093 1601
1601 3270
3270 7543
1418 2247
2247 6890
6890 6580
6580 4218
6580 1971
4218 6933
1325 1651
5191 5678
7384 7286
3225 7891
7891 3201
3723 6225
5 6067
4513 5896
5896 681
681 7146
681 5239
681 8047
8047 676
676 6081
5239 891
891 3002
1524 3070
3070 2284
2284 9097
9097 6323
6323 7054
2899 8948
8948 9423
345 2277
2277 9662
3591 1449
1449 7479
7479 5468
5468 6454
1829 9240
9240 4582
4582 8543
8543 5952
1959 9177
2032 4620
1042 4369
4369 7644
9248 4194
4194 3699
2047 4399
1537 3414
1057 8788
8788 9320
7075 5331
9029 5624
892 1019
7896 6240
1134 2269
2269 1604
1841 4688
818 6068
6977 9746
9746 282
282 7304
6420 2254
7953 2905
2905 3777
3777 6824
3777 3115
3115 4096
4096 7511
7511 8962
8962 6091
8962 5003
5003 63
8962 9055
4062 9268
2358 7643
5611 6260
6260 9269
9269 99
99 4371
9247 8957
8957 4764
4764 7933
7933 7091
8957 2859
2859 9717
7183 9533
1089 5711
5711 1990
5711 218
218 6851
1990 2102
2102 3986
3986 3175
3491 925
6260 3758
7828 3605
3813 5755
8797 2794
2794 2336
2794 5368
5368 1710
1710 7184
1710 6490
6490 3434
6490 3252
3252 8391
3252 5267
5267 8241
8241 6140
5267 9085
8241 1232
3434 6089
1835 825
825 6830
6830 776
825 936
6259 9425
9425 6692
9425 5016
5016 6243
6692 7885
8383 1157
2229 3065
9686 5442
5442 6169
6169 2112
2112 7133
7133 2489
9847 3871
3871 3170
3170 2089
2089 5244
2089 1189
3170 3735
3735 8294
8294 4042
8735 2799
9236 3952
3952 9404
2005 8888
5604 9049
9049 2141
9049 919
5680 1432
919 8508
4744 6563
2069 6724
6638 3360
6563 491
5990 2614
2614 5545
3087 443
443 4306
4306 3648
3648 6932
6932 8558
8558 1015
2981 5648
9274 7321
4306 40
40 2472
5868 2567
2567 1578
3150 9340
9340 1983
1983 6071
955 2520
6949 9649
9649 9452
9452 2771
9452 5170
5170 5677
5677 3093
496 5940
6527 4332
4332 2454
2454 9682
7576 9642
1771 3536
8506 7911
8349 3747
5810 6935
9473 5978
5978 1950
1950 3348
1950 128
128 7509
128 112
112 1163
5682 9907
1155 2526
9578 4227
972 5563
9645 967
8392 5205
9182 587
587 4666
4896 5343
5343 7740
7740 5166
1353 2842
7005 9221
9221 6673
6673 6661
6661 9647
6673 4092
9221 336
4092 7441
4911 5910
5910 8986
6588 7084
7084 497
7901 4471
4471 4763
9536 2471
2471 7539
4763 4364
4364 4734
4734 4022
6795 2296
2296 1035
1035 6754
4924 1731
8182 838
7663 2133
2133 7128
7744 4120
4120 3424
2347 3481
4871 5142
1421 4730
4104 9432
9432 7991
7991 1121
9432 7772
8749 9183
9183 8725
8725 5464
9183 1469
1469 8983
8983 2467
8983 9538
4961 5546
5362 1762
1762 8924
8924 907
907 315
6308 4975
4975 427
9900 6817
6817 6551
5735 5371
5371 7490
5371 1254
1075 8370
8370 7216
7216 8731
8082 6452
6452 3160
3160 7310
7090 5719
6291 5430
5430 2216
2216 8955
2216 4731
8624 9524
9359 7169
7169 6320
6320 2334
3177 136
9583 4108
1315 1802
1802 834
1802 7546
7546 5501
5501 4305
1835 3537
5195 9986
3216 894
894 2777
2777 5717
5717 4531
4531 5602
9453 8942
8942 5924
8942 1744
790 5577
5172 9622
9622 8933
8933 1425
8933 6205
9222 9015
9015 2414
9015 8607
8607 5772
5772 3834
3834 7560
3834 7666
7666 1760
9251 5105
3987 534
534 7927
534 9347
5689 9942
1432 3466
7370 5225
5225 1647
1647 2250
1647 3545
3545 9107
9107 2073
2073 4555
4555 8451
4555 95
4555 6250
2073 5361
5361 9641
2073 6780
2961 6444
5785 1145
8451 3966
3966 5947
7100 2326
8648 8472
8472 1166
8472 2689
6228 1253
1253 7522
7522 6335
7522 7570
7570 9510
3043 7379
7379 2075
7379 8095
3203 2175
8999 5097
799 1047
1047 6006
1047 6158
6006 4909
6006 5874
5874 4789
9675 8872
133 6873
6873 3869
3869 9342
7813 5400
5400 7154
7154 4967
4967 5098
5098 196
5098 7368
196 9547
9547 8619
8619 3023
7154 1970
9822 8473
8473 4808
4808 8546
8473 9335
8546 4482
4808 5745
8546 9429
9429 5883
8473 3654
3654 8351
8351 7705
7705 5738
7705 4762
8522 4727
9925 1521
1521 3804
3804 7067
1521 3769
999 225
225 1099
1099 8477
769 6974
1835 7661
5489 4843
4843 5988
5988 8585
8585 7390
2815 4504
4504 3968
1625 6033
6033 1225
5259 3060
7488 2188
4148 9897
2276 420
4101 572
6081 4422
2519 4826
5648 3678
7589 3472
3472 7524
2707 5063
466 6672
1654 1962
1962 3961
4993 1179
5486 3444
3444 2123
7986 1386
120 2646
9868 3824
3824 211
3824 5303
5303 4000
4000 9995
9583 4181
6577 7326
3652 6803
3976 8687
4517 5551
5551 6937
1103 7580
2290 4368
4368 8657
4368 132
132 8552
8552 875
2512 9747
8018 7529
7529 6321
7529 2728
2659 3258
4873 9181
1625 5006
5006 356
356 2687
2687 1899
1899 807
7506 5236
5236 1609
8730 5049
3181 1130
5249 3610
3610 5998
9886 687
7809 5858
5688 4030
4030 1336
6453 9972
9972 2059
2059 4220
1494 778
6264 980
9055 489
6759 8547
9127 3955
2046 1319
1319 162
162 9211
162 4738
9211 1085
1085 7504
1085 8559
4738 1113
1763 6849
1094 3763
3763 1159
1159 5229
5229 6287
1159 6892
3763 1492
5229 4597
1492 9667
9667 616
3251 1304
1304 8614
8614 6605
6605 7221
6605 9596
9596 6370
6370 3891
4137 7742
7742 5919
902 1143
1143 3234
3234 228
4077 2876
2876 9710
5444 6618
6618 2757
2491 9492
1080 3404
3404 2339
2339 9697
9697 8455
9697 3357
2574 9861
494 9114
3920 2498
6784 4185
4185 7837
5875 4442
1301 8615
8615 9970
9970 7089
7089 6319
6193 2386
3461 4568
2935 724
9519 7935
6964 7790
8707 5857
5857 4347
4347 9825
9825 6299
6299 3543
6299 4987
6822 7499
7499 5483
6591 6175
1142 435
435 6131
643 8355
8355 2423
2859 1598
2154 565
565 1536
8853 3325
1686 4860
4267 5266
9790 5706
5706 7717
7717 1779
3351 9
9 4226
8517 4138
3813 8372
8514 2904
2597 1244
1244 7335
1244 6254
2571 3972
7341 2394
2394 2210
2394 2017
9210 2392
5940 9084
9084 2727
2727 3803
7156 4576
8268 8625
4576 7924
2219 4379
173 6864
6864 6870
6870 1139
8992 4232
4232 3947
4232 8634
3947 3443
4232 8191
4232 8446
2796 6349
7025 359
2670 3046
3046 665
5068 9509
9509 6197
2098 981
981 4254
4254 4740
4740 2798
4740 2259
2259 7234
7234 9412
5855 9203
1209 8413
1449 1944
2441 441
7120 5949
5949 1040
5949 350
9953 9267
9267 2504
9267 2359
2359 2337
2337 3829
2337 9218
9218 704
9218 619
619 753
9218 2987
2504 8723
2359 1354
9628 8400
8400 4874
2898 3259
7288 5993
5993 1732
1732 6508
40 9750
8683 6060
2446 822
236 8076
8076 7646
7646 1495
1495 2912
2912 2507
2507 2016
6397 6449
6449 1156
1156 3868
1156 3469
5717 1070
1070 4862
4862 3679
4862 9056
9056 6050
6050 3547
3547 4299
6050 9477
9477 3821
5326 3828
9624 4445
4445 9932
7100 4608
2615 2352
2352 3012
2352 6103
6103 4119
6103 6088
9547 9237
9237 9833
5076 5340
6997 1208
8209 7148
7148 7493
7376 6740
3122 5912
5043 2116
2116 3683
5917 5909
5909 4881
1183 1433
7553 8717
65 1942
1146 5453
6713 5981
4978 8809
8809 5642
5642 3664
5642 9804
7208 852
4345 4300
4300 4059
4059 1158
9609 8836
2799 3386
2307 5459
8055 5067
5067 7840
5067 1688
3434 6986
6986 9958
9958 6221
6221 3778
3778 7815
475 117
117 3114
3114 3646
58 8387
8387 3315
3315 1788
3315 4274
4274 3520
5693 6148
730 2804
2804 2873
2873 4450
6148 2201
2201 9820
6221 8155
6919 2514
1762 5672
967 449
2627 9921
9921 5451
5872 3518
256 6443
5006 2074
2074 1224
1224 6296
5769 3059
3191 4408
1979 7472
7472 2506
7472 1949
1949 8870
1949 7473
2702 832
832 227
227 1640
2028 1065
687 1447
1447 6154
6154 6451
6451 2050
4366 9987
8673 1317
1317 914
8233 9862
4479 3359
3359 2966
3359 5853
2966 702
702 9769
7007 4095
4095 4931
4095 9166
9166 1137
1137 6758
1137 8207
350 2150
2150 9410
2150 7578
3023 7699
7699 2692
2692 1045
1427 8894
8894 4362
1672 7722
203 7824
2859 9482
9482 1276
6449 3267
3267 154
8507 2732
9218 8655
2930 1777
1777 8230
5423 7823
5061 4522
4522 4511
4522 2502
4511 5591
5591 4861
5591 3018
9353 9676
9676 8327
7001 7252
7252 9855
9855 1131
7252 644
644 7929
7929 8583
4044 5426
5426 5347
2008 3889
3889 2375
2375 3194
3194 5392
8940 1061
6203 6745
3703 8027
4323 53
7889 7280
7280 5640
7480 5458
5458 6290
7506 1866
1866 4133
4462 617
9522 6034
8018 2697
516 9975
9090 5163
459 8712
1344 5432
8489 7069
9562 1977
1977 2941
1977 7204
2941 1222
1222 6082
7204 8315
6082 8162
8315 2675
6008 7354
1977 9963
1455 7544
7544 5557
4320 3032
1293 7158
7158 470
470 4089
4089 8711
8711 9618
9618 7238
7238 5508
5508 2937
2937 7597
7597 8694
2937 3367
4618 9654
3890 5335
5335 7779
5335 6685
5710 9106
9106 963
963 1733
1733 874
874 3744
3182 7431
7073 5295
5295 2587
2587 4652
2774 9230
9230 3470
3470 7594
7594 6214
6214 5356
6214 4446
5356 1546
7594 166
166 3144
1298 7806
8772 4229
4229 5391
4229 2643
2643 8313
8313 8299
5356 7150
7150 2078
2078 4122
590 3734
3734 209
209 4054
1396 7745
7745 7769
7745 169
169 7573
169 7251
5053 4952
4834 127
127 4905
9458 8143
8143 8075
8075 1727
850 915
40 15
15 6213
8916 8083
8083 7068
9456 6983
1512 2164
2164 1077
1077 9042
2189 1830
1830 1559
1559 7210
1830 2176
1559 8977
8977 788
8977 2407
2407 6946
6946 2686
6946 1826
1956 4279
4525 6750
8602 1891
6788 4837
9912 3024
3024 8702
36 9293
4797 2256
2256 6727
2256 7062
9068 8303
8234 7786
7786 2315
7786 7485
2526 9214
2709 1585
1251 9469
9115 8529
9613 1561
1561 382
1561 3171
1561 3830
3830 6346
8570 2468
2468 6755
2468 2042
2042 8130
8130 7179
2042 3161
1916 1832
1667 8192
8192 3710
3710 5174
3710 2589
1855 4706
2894 696
696 4674
696 3477
4674 3960
1734 6219
7947 6807
6807 8011
6807 6736
6736 1500
8788 8316
1203 4726
4726 46
4726 2054
46 8882
6350 3316
3316 8128
8128 2233
2233 6730
2233 2208
3316 4353
8972 6558
6558 8428
9946 7872
7872 2985
2985 4916
4916 7542
2985 2245
2245 6239
2245 2076
2985 6283
5296 8441
8441 6466
6466 673
6466 5462
3234 6324
6129 7416
1259 8359
975 9823
8092 1666
6469 3025
3025 6622
1947 21
21 4638
8718 8653
4790 3489
3489 7182
7182 7701
6235 7520
7520 26
26 8492
26 8861
8861 9366
9366 4467
8492 2239
2239 8376
8376 4116
2239 3509
3509 8242
399 9626
9626 7377
7377 3631
820 7966
8816 3785
3785 9142
9142 5529
9142 2220
8387 828
9324 650
650 3957
5953 9797
9797 7898
7898 846
846 1756
1756 7568
846 1683
4812 3074
3074 4739
4739 3816
3816 7884
3816 2975
4326 6284
6284 678
6284 4552
4552 6172
9696 5655
5655 7249
6941 3364
3364 8742
8742 8919
6094 4925
4925 595
595 9758
4925 8024
1666 106
7459 2766
2766 7708
2766 9782
7708 1671
7708 8728
8728 6808
9782 9977
1671 8445
2766 5965
3624 6800
687 7313
7313 8891
8891 3092
3092 5674
7706 7988
3092 4574
4574 2293
5510 2130
4490 1195
2524 9973
9973 9011
6797 9720
9720 9191
9191 4174
4174 5554
5554 1372
1372 3784
5554 5320
338 8003
7286 8343
8343 1981
1981 3861
6486 1502
1512 3179
3179 5701
8543 2405
2405 6054
8464 4033
9903 3006
3006 3241
6397 314
314 3034
6349 1165
4653 7190
7190 7060
7060 3048
3048 6907
3048 1219
1219 8366
8366 7755
3048 4409
6907 924
7755 9761
4058 2738
7973 4973
4973 5752
1446 2122
5947 3796
2597 2415
5331 5065
5065 434
5572 1646
2337 7758
7758 3379
4140 2724
394 7225
7225 3570
3646 9344
9344 7850
8665 200
200 9817
9817 6159
5748 5904
5751 7160
666 8200
8200 6625
6625 5403
1491 2913
2913 3243
2913 3137
3137 2691
6702 3924
3104 8676
8676 1333
4656 235
6670 8571
1417 4772
8940 462
533 7975
7975 2134
462 4040
4040 7436
1262 8515
2493 3927
5096 7223
7299 5764
2551 2191
6160 6427
7332 2893
2133 233
233 6826
6826 3554
2747 8260
8260 5367
5367 4360
7153 1761
630 9306
252 783
783 9343
3843 4746
4746 7581
7581 3305
8608 9126
9126 8163
8163 5440
5440 2516
9126 1081
1081 471
1081 5731
2709 3739
378 3450
337 9834
291 2938
4176 7630
2832 1709
1709 8015
1709 7003
8015 9884
9884 8993
8993 306
9884 1174
8015 976
1174 4277
2450 7518
7518 71
71 7563
6816 8688
3454 6424
71 2740
2740 4115
2712 9671
3157 1373
9055 826
1373 4791
4791 7931
7931 8167
7931 1703
1703 7124
7124 7355
7355 1451
7115 842
976 7395
7395 8753
7395 2752
1079 8588
3516 3135
3135 7277
7277 6184
9494 9840
9840 9634
7473 5833
5833 2010
2750 8332
2096 2240
2240 7212
5956 1624
4612 9266
9223 7329
165 3231
3231 3279
3231 5898
5898 2469
9219 5663
5663 2641
5663 5411
5663 3563
5411 9124
5663 4405
4405 7537
7537 7862
7537 9919
7862 6747
3563 6201
6201 1718
7537 8429
759 5324
5324 2202
2202 9556
9556 1573
1573 2671
1573 8007
8007 1778
1778 2703
8813 6064
302 22
22 2495
22 3639
8489 8437
8437 4056
776 7680
7680 8945
8945 2137
3987 4073
4073 3127
4073 4968
4968 4536
4095 4543
4543 5886
4919 8865
780 7993
2798 5137
627 647
647 3125
3125 6603
6603 5691
5691 3506
3506 3604
3604 7982
7982 153
153 6653
7982 3138
8945 7123
7123 6389
6389 389
389 782
782 3975
3975 1365
782 6589
3975 6298
1900 8787
6611 8527
8527 6247
6247 5908
5908 6858
6247 1995
1995 121
1995 5523
5523 9742
9742 7292
7292 184
184 9004
6834 6306
6306 6840
6229 476
2486 9745
9745 4086
8057 3126
3849 5603
5603 2811
4878 7017
1248 3693
8297 4508
3010 9806
6204 5398
6476 8824
8824 1423
1423 1246
8824 5237
453 2265
4132 6656
1781 6318
6318 5564
4797 5597
6034 661
661 3673
661 2824
2824 5262
2824 3643
2068 9206
8150 7496
5887 9730
7414 9929
9929 2241
9929 9627
5569 4851
4851 8534
8534 4929
8534 8459
8624 6317
6689 2448
9650 1238
1238 2285
5649 2422
2422 1610
4869 2604
2604 9376
9376 9286
9286 1255
7549 1347
1347 940
9793 5878
5878 2996
9739 8229
8111 716
716 1520
1520 7645
1520 4936
4936 3448
1520 8016
8016 7547
7547 1566
1566 3199
3199 3053
3053 6665
7547 5332
3457 9070
9070 3236
8163 7224
6685 7606
8592 1865
1865 9024
637 4381
4381 8421
8368 6552
3994 4863
290 4417
4417 547
547 1881
1881 6925
4417 1370
4931 4818
7506 2272
2272 6828
2934 4297
7740 118
8104 8926
5347 6812
2658 2066
2066 5198
6921 5091
5091 9703
3780 6375
3439 4948
101 4078
4078 5854
1882 7723
2434 4373
7933 9759
6654 8610
1460 7902
2294 8043
8043 4
6895 5920
8854 9684
7597 140
6184 7361
2276 5777
9506 4496
209 7029
7029 2120
3107 5192
5192 9276
9276 267
7966 6732
6732 8598
6732 3084
6732 6304
6304 9653
7925 320
320 224
224 3376
224 1448
9106 2087
6416 8380
8380 3907
8380 9933
9933 9299
8149 8681
3148 9105
9105 1141
9105 5131
1335 8811
8811 3925
1137 8877
8877 2547
4761 3786
4524 2845
8046 442
442 3582
442 2733
2733 1481
9511 2199
2199 7372
8238 5565
9458 6101
7469 8973
8973 1918
8973 5575
230 2940
2427 5900
1951 5580
2465 9983
884 2253
8902 7159
925 1838
9785 9837
4952 1856
8016 8563
8563 883
883 1316
1316 9947
1282 344
8257 8360
3600 8538
8522 4603
2716 450
4755 6246
3863 5417
1999 4922
880 5215
853 1699
9529 9014
5109 1398
1398 7817
7817 8279
4808 9396
4154 1211
2319 3000
3000 5040
5040 5839
5040 4806
4806 8301
5040 8840
8840 5424
5424 8532
8532 709
8840 1305
1305 9532
5839 8996
8996 7684
709 1872
9532 1679
8840 6623
6623 8265
4806 8036
5839 5232
5232 947
5232 4649
947 560
560 8572
1835 4127
1842 1600
9266 5046
8315 3840
1046 3512
1046 5090
5090 9737
9737 5568
9737 1693
3958 5435
2635 3106
3106 5288
5288 5094
6243 2722
9362 8093
515 9289
9289 3599
1373 8415
8415 42
5246 8754
8754 5450
6134 3774
3774 8988
8988 2965
2965 9066
7338 3812
3812 7867
3812 4509
5163 2906
2906 4199
4199 82
4199 6208
2315 3949
940 8925
8925 5196
6160 6708
4152 7407
6722 5251
165 689
679 4551
4551 7715
2743 8048
769 6483
7685 2204
4845 6108
3072 6594
2708 4126
1432 9892
5630 4048
9029 8034
3338 854
6232 3714
3714 9092
4525 5539
3478 308
308 4477
308 4654
8278 4732
4732 6854
5040 7501
7501 6790
8322 9690
9690 7741
7741 8042
8042 9416
9690 6781
9416 7780
9690 3881
3881 124
5380 7886
3083 1090
7697 403
9506 1649
9704 3594
3594 952
952 2644
3594 9843
7896 9499
4300 6216
6216 9054
9054 3301
6216 9050
4013 3149
3149 7083
3767 6105
6105 9878
7664 8759
8759 8124
8102 9207
9674 9629
9292 3551
1451 1620
1620 5578
7115 6989
6552 9719
9719 2114
5910 5863
5863 5342
5863 7098
9584 1712
6527 6600
6600 2764
2764 4064
6600 2171
2171 4619
5641 1544
6845 1034
8821 4844
3551 8198
8198 4350
8198 4725
4725 7296
7824 6340
6340 8187
6816 4958
6452 3172
8960 6787
6787 9209
2664 6911
3257 8677
3166 6415
18 2932
313 2440
1252 8325
4666 3511
4907 7344
6215 8871
4982 4238
4238 3110
3029 5808
5808 535
1200 3058
5410 8631
8631 3309
5827 8147
8147 1152
8147 6910
2093 7956
8530 6188
6188 6664
6188 706
706 3724
3724 4287
7274 4799
4799 5675
5675 2867
4799 6230
6230 7219
9311 7053
7053 7008
7053 6861
6861 7854
7854 4502
7854 5819
5819 2936
2936 5538
5538 1614
1614 6478
6478 4037
4934 424
3108 6838
1800 178
1932 4281
4281 215
4281 7378
4281 6341
215 3291
215 5897
5897 8306
8306 6120
6120 3641
3641 6717
6717 6294
3641 7444
7444 5740
6294 5390
5390 2780
2780 8984
8984 9534
5897 3940
4281 312
5740 7997
817 1231
6361 4142
2881 221
221 5336
5336 8071
6723 9434
9434 8835
6583 4017
4104 2117
1977 8944
5328 9164
6454 3045
2298 6311
4166 567
931 3665
4021 3867
3867 9497
9497 7013
7013 563
1226 5214
5214 3001
4037 549
7432 7605
3352 7387
7387 8846
6629 2628
840 1444
4213 6547
9917 6843
5034 3221
3221 8770
4627 6359
8661 5025
3910 6703
3018 4785
4785 7475
4785 3418
4815 1719
1719 8904
2632 1430
3565 5139
5139 1329
7076 3523
6433 6827
9864 808
808 299
3434 4624
9975 8151
1953 2976
1206 5536
2797 3369
3369 6470
7050 6295
1062 6811
6811 6509
7689 612
5259 1287
1287 4437
4437 8613
8613 5064
1540 3820
6889 6363
6363 9850
9850 6482
9850 6693
1270 109
109 8596
2456 9752
3835 5264
2438 3079
3079 6842
5280 1016
5826 231
4859 9721
5404 7673
461 6176
3094 3586
6317 4500
51 9531
9531 6802
7621 7535
7535 5260
7535 7812
7812 6991
6991 4063
4063 5077
7179 8743
8743 2035
4535 1352
1352 3188
1352 3422
3422 6040
3422 8098
1352 5824
9525 6339
3507 7515
409 1890
8694 3971
3971 7793
7793 6337
5645 9780
9780 1991
9780 1743
3697 7476
1468 5598
5598 4485
463 8716
8716 2225
2225 7253
6872 671
1055 8966
8966 8560
8966 6561
8560 3755
4866 262
6632 5730
8056 8412
9365 9699
3817 7046
9211 5676
4313 8185
8185 8300
8300 490
4911 9542
9078 1764
9601 33
33 3528
3528 5851
8447 6942
6942 2459
2459 8197
3084 6391
6391 8844
8844 3426
3426 3762
3762 4284
3762 4032
4032 1827
5466 1411
5374 8493
8493 9345
9345 2700
618 6876
2732 9436
9436 3402
6554 9178
5283 4957
4957 4403
4403 2914
4403 8643
1802 2142
3068 6909
4847 8201
8201 4448
1220 8589
6786 7918
2244 8947
8947 7119
7119 3815
8947 6947
1625 556
6555 1818
4267 366
2481 2578
1614 188
1496 7320
6134 4481
9721 9110
2794 8341
8341 6044
6044 3101
3101 324
324 2665
3264 770
4659 201
1647 2044
2044 6489
6489 801
801 2361
9949 8174
8174 9523
3351 7058
7058 6517
5562 6271
3046 2710
3812 8028
5620 5526
1841 439
439 607
607 3845
3845 8931
8931 5298
3845 9411
5068 8895
8895 9303
9303 7979
9303 1772
6260 3111
439 7178
3140 4816
8619 7916
7916 1861
7857 4252
8259 3795
3795 6715
6334 5254
5254 6978
6978 8080
8080 5132
5254 295
295 5272
7663 5559
5559 5212
5559 5566
9247 4569
4569 8269
5272 234
234 4514
4514 1415
4514 3909
234 7287
3472 6520
1906 2629
3110 7262
7262 5999
5999 8627
8627 1757
1757 1116
1757 3189
5296 7127
7344 1297
1297 8153
8953 4401
4790 4593
6921 6063
1478 7808
3611 3731
1146 7231
2105 8539
2215 9375
9375 8785
6433 4611
4611 4390
8451 767
767 5441
767 9516
5441 5892
5892 2419
2419 8430
2419 7497
2419 8463
8463 8968
3432 3848
6544 6249
466 2715
1356 2009
7159 1511
5706 9731
5171 6132
6252 6373
6373 1870
1870 3145
3145 406
9182 274
7275 4134
6951 726
726 4698
2862 7943
7943 7255
7255 9865
9865 415
6044 9356
9356 5631
496 3592
3592 9076
3592 2756
1298 4664
3388 6241
6241 9636
4477 4954
4954 4430
4954 6146
6146 2653
2653 3964
3964 3040
4500 657
6646 3004
1358 7761
7761 5147
5147 6332
6332 2810
9354 2397
2397 6439
9462 2760
6910 1930
3916 8388
8388 2531
4347 5189
5890 3743
6602 5733
5733 5030
1816 9998
1739 6485
4839 6383
6383 1323
3190 733
9271 990
7935 4578
4347 108
8254 1239
1239 8495
8403 3660
3298 348
348 4451
5037 4069
4069 8799
3987 4741
4030 9836
7594 1749
1749 9132
2842 7949
4165 2181
1191 524
524 1639
1271 6675
3036 6897
6897 6282
2944 2566
4282 9233
7107 6475
4046 9327
2777 8626
8313 3152
6123 4955
463 6844
6844 3555
3555 7794
7794 8961
3555 3383
3383 7695
916 9175
3038 2795
2795 4045
1647 3552
7773 5790
8761 7674
8633 9561
4312 9729
1115 2177
4464 390
6611 2737
2737 5373
5373 7195
5097 1623
1623 5696
3277 944
944 8012
8012 4626
4626 2364
2364 220
220 7851
7851 3151
3151 6667
7851 5433
4626 4771
9000 3219
1358 9885
9885 2273
9885 7976
8984 1553
5410 2592
2592 2901
2901 1928
2592 7226
1085 3210
815 4662
4662 8487
9156 7325
4444 3207
3207 6438
3207 1568
1568 5014
1999 8744
8744 5659
5659 6313
8744 2139
2139 683
2869 9154
9154 1984
2876 2029
9260 5396
891 5544
8960 3745
102 9069
9069 9617
389 4158
9813 5234
9466 3089
3089 9261
9261 7246
5178 3415
2820 7186
6583 9856
2122 4241
2874 4533
4533 7969
707 1337
1337 5963
1337 9766
9766 9768
9766 4705
6271 8329
5366 893
893 985
2410 3630
6498 1326
1326 6968
9650 8180
8180 3754
3754 6500
6500 7781
3754 8342
6500 6142
3754 4892
8342 9476
9476 7923
7923 2299
4892 3531
7781 4757
4757 5102
5102 4856
4856 3574
5102 4956
2855 6593
6593 7401
6593 4682
9064 3967
3743 691
691 8088
9959 611
611 3246
3246 1063
1699 6102
6102 2917
6102 8746
7643 513
1038 9592
123 6731
3850 9073
9073 4831
4831 1966
1966 7122
4831 7194
7194 634
4831 368
2010 8545
8545 9290
6373 6497
6124 8990
8990 8488
8488 3508
8488 8629
1814 9501
3498 8452
8452 8119
8119 5311
9338 5488
5488 6501
681 5050
3457 6534
6534 1091
8840 2412
6694 168
168 6286
6286 4470
4470 6037
5859 292
292 7035
8930 857
445 4711
15 7412
8945 8837
9810 749
749 5052
749 5136
5136 586
6740 4685
4685 8078
4850 7405
7965 222
222 5989
5989 7801
5989 7987
7071 663
663 6530
6530 7946
1657 3154
3154 6097
3897 6396
6396 1565
6301 5473
7992 2370
1565 8965
465 688
8308 4164
5953 5461
3795 2218
549 7612
5150 6988
2771 9202
4870 5042
5042 2263
2263 5709
5042 3187
3187 4792
4792 7394
6370 4273
4831 9135
410 896
896 2309
2309 5987
6650 654
6854 1730
1730 7117
9679 5241
1737 4412
198 5456
5456 3662
3481 305
305 263
5236 5899
5899 2954
2954 9440
2286 5364
2079 2802
9324 6774
6774 3141
6774 6556
6556 2690
2690 6417
3103 4667
4667 4595
4595 568
568 298
2957 8580
7475 3963
8728 7167
7167 1706
1706 9621
1706 2772
4177 7588
7588 9514
9514 8620
8620 603
7542 3583
867 5801
464 9023
6556 1295
2797 7026
7026 6760
6064 2579
2579 6468
6468 6057
6057 911
5980 7034
7034 4225
4225 8466
65 3937
2954 1858
9097 2100
3051 1622
8636 9882
520 1547
75 5294
3414 5856
6974 7323
128 2515
7264 7836
5096 5888
4935 4959
4959 8320
2622 3996
4200 3265
5664 3049
3049 2864
5557 8079
627 4023
6546 1920
6933 3677
3677 4110
3677 2049
2049 4719
5574 5140
5140 1849
5140 88
5611 107
6623 3764
9124 3974
6947 5075
4650 4019
7813 6113
6113 7040
7609 9194
9194 4623
4623 6627
9194 1054
7586 8293
9703 1807
1807 9669
9669 4937
4937 4849
4250 7307
4858 5115
9762 3228
3228 9484
3608 7623
1903 380
380 8311
4095 2994
2994 8590
8590 4964
8132 1266
5 4015
6268 6549
6549 2717
262 7324
7324 3882
109 4112
2389 864
1586 7582
5696 9709
5321 4291
5084 3377
8785 675
1438 2841
9465 9123
9123 1844
1844 1522
852 4397
1001 5021
7760 325
1619 5334
5334 4669
4669 7165
4669 9296
9296 5697
5697 8642
590 8035
5376 7711
1042 212
8750 771
771 7610
2091 2527
6847 6174
3959 9446
9446 2920
2920 5901
7831 8674
8674 8691
8674 1153
8691 2356
3802 7388
470 640
180 1184
4888 2335
2335 2007
2007 7726
2479 8791
4321 5673
5673 2788
6067 4053
8484 5734
29 7583
9051 52
2465 3951
5673 2525
4747 3272
5326 7367
7367 8555
7829 5194
5194 3991
3991 6880
5206 5346
5346 4453
6469 1168
6141 3476
3476 5816
5816 6272
5006 6354
6354 4072
4072 7285
2715 1707
4191 9032
9032 7548
2049 6358
9759 1992
7722 3695
3695 5227
3695 2151
1992 6929
1222 2827
5071 7064
7064 6985
1185 7206
7988 3421
8490 4532
6894 3180
1841 1083
1083 9239
1083 2698
8833 2699
2699 7677
9135 4748
4856 8635
4967 7381
5674 7406
500 5004
5004 8920
3160 3519
22 7613
7613 7765
7765 2451
2451 248
6875 5766
5766 4183
3950 4376
4376 3526
1138 1437
7966 5860
7497 6109
6744 5322
6020 5979
5979 8817
8760 621
893 2546
2546 8843
2546 4038
6331 9870
295 3989
8989 493
8215 4644
487 192
192 2497
2497 3770
7543 6502
9403 9736
4487 3765
9424 3851
1565 1754
4962 1599
1121 504
8122 6079
6079 5786
4629 9079
9079 4680
4680 4018
8367 5976
5976 6326
3308 900
1627 3997
3997 794
6102 5350
5350 6537
5077 9604
9604 379
9604 2363
2363 7455
8740 2371
2371 3354
7438 6953
6953 421
894 2283
2283 5881
6338 2505
2567 8858
8858 2749
2749 3102
8858 8218
8218 3836
3836 9875
813 4269
4269 5287
5287 5744
5112 9577
5332 8371
8371 3759
8371 4039
4057 4943
6469 984
8340 5351
5351 9767
9767 7116
5351 2611
6054 96
96 2892
1987 8175
7443 9638
8227 6718
6718 8987
3018 4264
979 457
7543 7066
9031 8943
8583 2231
2231 7187
2231 8353
2231 9607
5361 9515
9907 2593
4264 9905
6255 2266
2231 1980
1980 8435
1980 7528
5997 8070
2576 773
4930 1374
1844 5864
5864 739
739 5463
7062 1894
1894 155
155 3729
3729 191
191 4575
3334 7875
7875 7254
3146 8184
9593 668
9505 755
755 7337
7337 6662
1683 7989
1916 4631
6878 5654
7867 9093
1536 3495
8248 9034
4113 3262
226 8417
8417 3339
5683 8023
3073 6168
2935 5111
5111 5472
9741 4314
2899 7764
9345 2030
4718 6938
7116 7386
3979 7827
7827 5524
9063 5690
5690 9508
9508 4660
1077 7739
8771 2848
2848 1228
1228 4202
2396 1632
7639 7602
9496 5069
924 3548
3920 8081
8081 5412
8081 1641
5558 3934
2230 2825
2825 4910
3985 5621
9049 2333
4864 1792
8666 5406
5406 9007
3995 6791
3296 1653
2997 1272
1272 1322
6001 8220
1585 7102
4117 4097
4097 7247
7573 4341
834 6628
6628 5567
3937 626
626 3131
3131 2462
626 1186
8990 5224
5224 9265
9265 4758
4758 1419
3357 8256
9151 5047
5047 397
5047 13
5047 1753
1753 2999
397 680
9665 1435
7467 8587
8587 1426
3114 5119
5119 4787
3059 8645
6922 9426
675 2745
6332 1133
965 319
3073 3285
3285 7109
7109 2399
2399 7092
7092 2308
1871 5818
123 5284
2383 3894
3894 3904
3894 4192
4192 9393
9393 3318
3318 8173
3073 4770
6907 6244
1801 2803
2803 1235
1235 4179
4179 1554
1554 8496
1235 8734
4179 7129
2177 6303
7089 1767
2273 7241
2157 569
6260 5625
5625 2211
7388 5422
7222 4248
4248 7345
4248 1407
1407 5937
2078 2303
2303 3026
9074 6217
6217 4205
4205 7126
9687 8886
8886 8810
5117 85
2553 8017
7098 3266
6326 5399
4064 4150
239 8064
784 5768
8604 2958
2308 6913
6913 3708
3708 2292
2292 5794
8638 8375
1894 5388
2926 5971
5971 2325
2325 1888
2325 6150
6150 9179
7884 8874
8874 9272
6022 7161
880 5154
5154 1243
1293 3237
7092 6562
6562 3546
6562 2416
6562 4488
6306 531
2962 1824
740 8117
3002 9507
9507 2541
1866 8536
8536 7452
8536 4438
4438 890
8536 3011
2653 3139
29 1628
2286 7844
3890 264
5524 6630
17 9623
9623 285
285 3732
7340 5405
5405 2108
5405 6948
5405 2608
2608 2680
2680 7061
2680 2119
2119 19
8738 8660
7377 1009
393 4324
4324 3260
3260 8912
8780 444
4754 6506
8902 6066
7908 1023
1023 4066
7568 294
8416 3229
6670 8577
3095 2778
2778 2785
5510 8443
6329 2362
7077 5938
5710 3587
4158 1377
1377 2911
2911 9575
6660 110
266 2511
2511 1118
8230 2883
8356 8418
1210 6918
6918 4189
4453 9989
9989 7074
7901 2312
2312 7142
2312 5852
5852 9413
2312 5725
5725 4325
9503 9072
9072 383
6623 8
8 7369
7369 6704
7369 9530
7369 346
9921 4853
3269 142
32 7094
3077 6979
6979 3134
7339 6353
2273 2971
2971 9130
7227 8205
8578 3726
8222 3392
7241 9792
5112 3965
3965 6695
5042 311
985 3411
1291 1935
1935 2429
2429 238
238 7657
3836 7080
1707 9225
4363 7572
3842 2819
2635 2200
2200 5088
1662 2852
2852 6356
7923 4102
4102 6688
6688 1658
8909 6710
6710 4346
1209 9414
7576 933
933 6581
933 1012
6581 8432
8432 9520
9520 5269
6281 9935
9935 1112
1131 7905
6109 5183
5183 3017
7169 98
8672 6642
3500 2521
861 6107
7317 5263
5263 8067
4986 3514
6423 6578
6578 1461
1461 9200
9200 5186
5830 1229
3070 2790
2695 2088
7752 620
8793 1269
5810 1886
6598 3689
9769 5528
5528 5747
1201 4707
4127 4061
4061 9910
9910 2751
2751 1207
9299 2974
923 4519
4519 2528
4519 1782
8159 5217
3357 4011
5531 2398
2188 9571
4140 2916
3583 5555
5555 7270
7270 8741
8741 8998
5822 9201
9201 5724
5724 1931
5724 7498
7498 9397
7498 7787
7787 7012
8905 5521
5521 2366
1867 9408
1613 3452
3452 1898
7194 4617
6075 9336
1708 5581
7744 1735
3136 8535
8535 4510
4510 7754
9817 6972
6972 9689
4056 5231
6323 7049
3923 9639
9639 3992
3992 6960
4669 2682
2682 6765
6828 501
501 2647
2647 3790
3790 1022
1022 326
2589 9190
7163 7830
7416 1766
1766 793
1766 7295
1766 5197
5197 83
5197 5031
793 7895
7895 1825
793 7921
7921 2232
3169 4334
4334 2857
4334 2072
6976 1958
7153 948
2721 6336
6336 792
6336 6756
6756 4253
7543 5913
6295 2569
2569 8433
8339 3705
4913 6848
6380 4491
3848 6440
9860 3130
2928 8434
8785 1241
8934 4883
4312 9321
1259 2880
1706 6245
6245 6823
6823 4290
6245 8114
9310 8595
7608 1884
5244 9956
9956 9701
4627 956
3414 7214
7214 2744
7214 6524
7214 3441
5227 5437
5437 566
5437 4704
8080 9450
9450 3875
3875 3672
2077 9964
7539 3661
8953 1464
3950 9587
9004 2148
2148 6930
4972 5647
812 7193
3157 41
1116 150
5094 6682
6682 2115
9168 3447
3447 9749
3447 3782
3782 2473
7824 6035
1683 1388
9396 943
8372 7056
7056 8654
8654 5718
5718 6178
2750 1221
9698 6032
6032 2393
496 7278
898 2969
2969 3438
9796 4005
3002 7954
7954 8819
2618 8354
6435 7615
7615 3831
3831 8790
7615 3719
8790 4657
3894 821
9560 67
67 860
224 3350
3350 7651
7651 6687
9970 4207
6055 1249
1199 2575
4868 6764
3731 3081
3081 4074
4913 1504
1054 7330
8980 8685
7956 4798
8005 3407
9071 6112
6757 5596
5596 4090
167 8374
8374 8250
8374 3312
5090 4807
6846 4067
8491 9895
9895 1539
81 8439
5413 7919
7919 1655
2111 5129
4059 1382
1382 6614
6614 8307
440 9579
9203 3159
2696 1876
5288 7676
7676 8991
8991 5665
9426 4436
4436 526
526 7220
8665 3818
5850 5056
5056 9417
1248 7655
215 3193
9157 6914
5625 69
9204 6165
8862 1895
1596 2306
2306 8591
7448 7564
802 2457
2457 1914
2457 385
6266 2830
2830 9568
2830 9559
9559 7172
9559 111
8280 3211
5750 3760
4841 4778
4778 6904
3547 7271
1045 8210
8720 1650
1976 5020
3516 1171
7692 309
2096 8186
8186 5338
4152 8436
2965 2057
2057 4683
6013 9600
719 964
964 3895
8280 5797
5797 2003
2003 355
8487 1691
1220 9422
5351 8382
1852 8050
8050 273
273 1921
9400 541
9424 539
3681 2979
7445 6480
7498 4984
4984 7334
8434 6058
6058 1117
6058 1021
1117 7305
6058 1149
1149 5806
4083 4271
4271 1245
4573 8330
8330 8857
6871 7647
3582 9551
9551 5955
5386 2090
7600 871
1610 4221
4221 5530
4927 7267
7267 7971
8197 4708
5159 3124
2990 3459
9582 9198
809 9778
3077 5703
7509 6631
7360 3807
679 1529
4898 7510
194 6513
3828 7494
7494 9009
4551 3153
3153 7429
7429 7554
9022 9944
8336 3561
5906 8361
8361 2742
6778 377
3764 1474
7783 9757
9757 499
4854 5799
5799 4828
4828 3692
3692 1532
5799 3313
142 5813
1948 5092
5125 4647
3419 645
1456 1750
1624 6431
2613 3993
3993 3797
1388 1395
1688 6833
1002 8431
4227 5553
8000 5831
9956 5086
9883 5932
5932 9030
818 3276
3276 1122
1122 8239
8239 5974
5974 2041
5974 7350
7350 7897
5974 2673
5974 6401
1633 1097
9215 6355
1525 7767
721 6429
8943 9318
3242 5323
440 5289
8772 2927
2673 1182
9630 4590
4590 9887
1834 3230
6515 7556
2571 969
9578 9287
9287 6430
8201 2619
4814 9590
9590 6569
3869 3349
3349 2013
2013 6080
3349 244
2220 8956
8956 4776
4441 9134
9689 7059
7059 8212
7505 5876
5217 3585
3656 5110
8307 405
405 2381
405 1394
813 6901
6901 6447
4807 6104
7876 5213
5213 4965
4828 269
2393 7139
4386 480
480 977
480 6746
7064 6236
6032 4767
577 6699
7519 4172
7568 553
577 5028
6515 5333
461 4339
6012 3192
6577 3370
5061 272
272 8847
8847 8974
3384 7043
6755 8528
5690 8693
8693 1583
9034 6312
6312 4512
6440 351
571 4161
4161 9950
3491 3938
8514 8252
3699 2523
2523 4506
8343 4538
4250 2955
4943 4838
7526 7704
8040 3204
3204 6852
5605 6733
656 20
3424 8291
7262 3946
6634 6975
7026 9839
9674 9974
5675 7359
6058 6143
2888 6915
2419 4136
4136 2282
4980 277
2108 1309
326 4231
1753 1362
6950 9502
7989 8101
8101 6620
2384 1147
6909 5704
5344 5512
5512 6962
9409 4596
4596 1968
6764 3071
3071 7144
7144 9013
3605 3167
9893 9016
4619 1332
8606 5447
9396 5257
5257 3649
3649 1661
7720 3494
7358 9038
667 3978
9744 1923
2667 5758
5758 9740
9766 1581
1581 8127
8127 514
8127 483
9071 899
8820 94
94 2923
2923 9264
4056 7662
7662 3303
3386 5828
3918 5421
5421 6395
1017 6049
6786 2783
9017 7380
9583 2372
9099 4317
5856 2224
3585 2782
6661 4247
4247 7909
2360 5583
5583 5606
5606 3446
5606 1049
9654 1114
9578 119
1129 9890
9890 317
317 8110
7479 9205
9205 1082
9834 4687
8826 708
708 8801
8801 4572
4572 432
432 5668
837 3080
7759 9934
8695 728
2835 584
2769 7634
3909 1006
7940 7614
7626 4716
1398 4147
7886 6821
5156 456
456 4897
7666 1642
4506 3865
4810 1697
8000 1562
8435 6649
6649 1810
7517 386
6553 2390
1637 9398
8531 761
4035 4893
6854 6705
1807 392
448 2445
6201 5185
5185 1348
6231 4766
4766 6455
6696 635
914 958
7949 469
469 6610
8251 9668
9668 8794
8794 7599
7599 9370
1679 8733
8733 3372
3372 7821
7821 8063
3372 8649
8649 3248
3248 7402
8649 1676
8397 518
4965 8276
2620 6956
6956 7446
2960 9961
9961 5628
2317 1582
1582 574
326 1747
1747 7540
546 8967
9488 6793
6793 710
710 8408
1214 488
4152 9459
7819 6136
9279 8849
7405 2719
159 1957
5620 3209
3209 271
226 2099
2099 7365
6977 6565
9569 2850
7485 2110
2722 614
614 4336
3897 5080
5844 2367
5291 2510
5459 8026
365 664
6514 2085
3799 3737
3737 715
715 3783
1851 3598
6517 4094
9716 1836
7999 1803
3004 3275
1392 9791
9791 2279
3729 100
7018 1265
3690 2006
8628 1093
5003 30
4959 3391
3391 4424
4424 3773
1716 2020
4959 559
403 8290
4430 7584
7584 6994
6994 1360
5931 413
6687 6310
3619 995
4555 6179
1248 8584
8584 4082
6531 7598
4136 2369
2599 7799
2407 4111
5818 5666
5666 5686
1634 593
593 5820
3122 301
301 908
908 8586
9907 455
3554 4906
2871 6908
8197 631
1454 9564
9564 7044
3382 4914
3169 5089
5089 3887
8691 8106
7736 2413
2413 6720
6981 8501
2522 4261
4261 5535
4415 5369
3309 9858
8995 766
766 636
8148 2036
3677 3473
7717 2034
2849 3663
3663 3306
3306 7951
9202 2500
6811 4411
5983 68
9240 1416
6332 745
6649 2350
7757 9118
8305 4625
4909 4423
4460 4105
7511 113
336 9087
9087 2310
3091 5513
9782 1321
4012 882
5015 2784
3910 5470
9907 6474
4082 1954
8462 9955
3779 6024
6024 2449
9206 6376
4317 8878
1824 8868
8868 7215
7215 1784
1784 9475
6599 2977
2977 2631
7511 7920
901 3405
3943 5301
9020 6330
6330 4875
1632 1048
3598 717
6007 775
775 1161
7438 9760
6300 3490
7433 6360
7300 8516
5353 14
14 8442
6955 375
9805 6200
6200 2931
3830 9420
5017 8246
3767 7207
6873 1283
1283 2490
8888 8659
3468 8705
2589 5500
5500 8338
8338 9789
955 2638
5146 951
1800 5253
1131 5867
5867 7719
305 3525
3525 5434
4687 9371
2286 2167
8284 5352
6595 6
7935 2341
654 5304
9425 8883
5635 9002
4656 961
8322 4123
386 2
2 9399
9399 5314
8278 4550
8894 2907
3039 4561
7012 3558
8851 7108
2951 8164
1887 8932
582 1714
3366 3670
3670 477
6825 8086
3670 3445
5355 3733
7932 6017
6017 9842
6017 5499
4065 4404
8428 5062
5755 9369
3210 2343
960 9037
9037 1774
4460 8136
8136 8518
1712 5490
735 3691
3691 4103
4136 2818
2818 6128
6128 3694
7819 7138
588 1127
1127 523
1127 7514
6569 45
9227 2258
5043 2991
2991 6617
3200 3054
3054 3505
3505 6156
6156 2713
231 2536
5091 5242
8435 7825
1976 1420
9119 4601
946 6545
2130 754
9385 3479
2533 2037
2037 7585
1978 9660
3184 2565
2806 4024
7775 6643
822 2169
5959 6016
3993 161
457 3280
1695 7670
1018 8352
9097 4302
2998 2534
5891 6166
6166 7055
7886 4877
4877 4270
4270 6095
6091 9831
2021 6019
5446 9283
9981 2982
288 9388
5393 1854
4916 6187
4826 1340
1340 8309
7288 522
3379 2295
2411 5143
8928 1720
7913 6741
6741 5746
5746 9176
5746 3132
3132 7364
6208 6177
6007 9722
9759 6005
4101 2223
7864 3667
6153 9871
8905 2251
2251 699
9624 9334
4797 1058
1614 6762
5191 7272
2533 5487
5196 2433
4841 3390
1076 8839
2126 6943
9379 6196
5004 5929
6563 723
723 3676
6196 1509
2458 4070
1259 6392
8875 7713
4175 4800
4800 692
4800 8365
776 3224
3461 712
712 7846
7846 1809
5895 9546
688 8678
8558 4329
8894 5612
2485 9470
1701 5644
8675 7566
7566 3113
3113 2439
6930 4668
865 8097
1328 1994
3929 3988
3988 5397
1249 5337
5337 9724
8480 3874
2346 1473
6021 5788
5788 5608
5608 8103
8103 544
8103 597
5608 2324
2768 1303
4871 5821
5821 7860
5071 1095
9030 9089
1032 6539
5774 2027
2027 4529
7675 3227
9782 4995
1724 2447
556 2060
7384 9610
33 3090
7621 1397
2096 5573
5573 9591
6615 7938
5772 318
5206 4534
4534 5290
5290 3632
7957 763
4523 1922
5102 8719
8402 7235
1608 8936
2838 2368
8330 1592
3327 7439
6740 5199
2918 797
4326 7130
5490 4001
1132 2166
7253 3822
5380 5763
9174 5211
1601 1770
2776 927
927 2487
7803 4093
106 6100
2606 1026
3031 7534
7534 2759
9256 8544
8977 6751
9331 3902
4782 7242
227 897
6829 3425
1290 8390
6543 8951
1531 9355
3244 954
8271 7451
5183 5026
1215 7562
1970 1589
19 9259
3179 3595
1850 1445
8100 5057
4259 293
293 1880
272 8783
1256 2043
618 1572
6649 2496
3155 8686
593 357
357 2173
6629 473
473 5684
2226 7738
7284 4588
5108 8511
1946 5358
7535 6789
211 8623
8623 6511
5544 7484
7484 3905
9890 1960
8774 8188
9998 594
9030 6666
6604 9603
8597 8249
8249 5299
633 697
2914 7471
3472 9711
3207 2548
7945 5542
5542 4276
2968 310
3439 7449
636 5359
7189 2580
6235 367
1350 4833
4265 6084
5237 5188
619 1441
3189 8551
4209 9442
5153 8001
8001 2373
2373 4478
6648 9454
9454 5316
9454 1361
1361 5058
7553 1937
7085 6521
4166 9902
8768 250
250 5914
7084 373
6858 1915
4768 1498
6856 8091
8091 160
160 4541
32 3061
9826 2556
6349 2252
7825 3749
6814 4296
7345 1843
2163 2190
4230 4135
4135 9808
549 988
8568 746
8047 3900
1992 8897
8897 5712
988 2725
1559 2474
2474 6579
6579 8296
464 3088
1765 6645
6645 8682
4686 5540
5798 4621
5187 3669
7926 8969
1177 8667
1120 4712
1563 5633
5923 3475
1321 1363
3196 9848
9848 5943
2050 3809
1636 3362
5750 7261
7261 4600
2529 4268
4108 9291
6455 4756
6525 3378
4898 686
5171 7789
6514 7188
8626 5164
2731 4821
9024 5586
3425 1345
9015 9091
9326 950
950 5095
1040 7660
7660 3659
5705 5420
4287 6279
4741 7301
3523 7963
4195 4449
2760 6518
6918 4124
177 5083
7025 3621
3621 3226
8937 781
5414 6573
8362 4794
4794 7888
7888 1230
4794 4407
4991 1577
8484 7728
9883 7417
9126 4457
5301 6345
8839 8006
4022 3504
3400 1513
4389 5773
5773 3213
1205 7970
7970 3844
9006 3501
430 690
9112 2872
2938 3798
3017 1100
687 436
3445 3787
3554 3247
4767 1597
5006 2809
5549 9301
9301 1663
9381 4607
6895 5707
5707 847
5707 6450
637 1848
6076 2131
7813 810
810 55
3375 1819
3708 2185
2185 6566
7210 8786
8349 5685
6579 1975
8158 7140
6806 3485
7360 6503
5978 8152
7976 6090
9837 2152
9605 7774
3742 2187
2556 604
4976 3811
4926 9685
3788 1218
3636 3613
3127 6691
5695 9594
5102 1194
1657 3158
9020 2834
5451 4398
4398 3801
4929 2847
3425 7366
8082 1193
173 9102
1521 6274
4283 8176
8176 4495
4495 6487
1721 4428
6880 7879
2900 5190
7414 1385
1385 545
7589 5721
7098 8407
8407 6679
790 3794
5184 2761
8986 1933
3817 7776
7776 6442
6356 2353
1135 8449
8449 1837
1837 2081
8373 7894
5620 6801
6801 5038
1719 4085
2209 1919
8458 4492
2122 7356
1514 2706
2629 1820
6533 3590
1463 1878
6877 7121
3791 8031
7265 1088
2302 9238
8725 5128
1523 251
3493 2839
4915 1331
2361 2947
3958 5702
3736 5651
2692 3502
3854 2477
4463 3700
9680 2662
2662 418
4120 6676
6676 9372
3960 7880
6540 3872
3582 3503
8854 3484
1018 5986
7696 6883
6883 4691
4491 1096
8278 2736
3634 4262
1920 7232
1465 9352
9768 2816
2816 772
1560 176
5607 4796
1292 1341
1341 8135
8293 7155
9121 9936
7510 3328
6903 7027
6965 408
7091 3855
7044 6362
4457 9518
8072 8444
8444 8751
9825 8183
4665 8739
8751 877
877 1212
877 9526
7375 9548
5245 1268
60 8630
8630 1393
4503 3919
702 7565
7565 2227
651 4648
9854 8288
7369 2889
3078 4802
2691 376
28 3589
7623 6029
5623 8142
5149 7420
3813 5907
7832 8139
7579 5357
5357 8881
8881 2313
8881 8669
1586 141
1082 1098
1098 6418
1614 3617
5068 84
7590 2605
9850 321
2821 6859
628 9874
9874 2070
965 1901
5174 1648
5394 70
70 3560
9301 2001
5819 5671
6715 5345
8193 4318
4471 2807
4591 1029
1412 519
9517 4902
3698 856
844 9460
858 3176
2404 8171
835 9095
8290 4396
2861 7893
3874 4658
7565 1376
1376 537
19 986
897 1680
1258 5265
464 5966
5887 4822
67 1390
1476 5044
8468 8438
8438 5661
5994 9419
3454 3913
2091 3332
5221 2146
2116 2052
3515 8784
248 8379
8379 9096
4569 5902
2640 8199
5526 757
9498 3300
4722 8020
758 9387
9940 1308
3060 1593
8288 4344
4344 1020
5072 714
2171 360
6930 8664
3537 9314
3812 4969
9244 4889
4889 4186
847 7618
9179 3453
13 6999
9241 2357
7491 8213
7480 6677
6959 9386
9782 2248
4251 7004
7004 8575
8575 7411
7411 2946
1522 289
8542 8334
5389 1459
3729 9005
8729 3019
1647 6280
6669 7984
2634 2045
4590 9773
7593 3007
2386 9969
9914 1967
4948 4392
2232 9655
6241 6248
6248 2051
8932 8646
1951 7481
8747 1773
7329 5177
4309 5722
4621 1630
8739 5592
8447 327
5897 1892
9884 1955
5363 5219
5219 4266
5219 2837
2837 4813
1997 4992
7517 4255
1253 6912
7335 7892
2891 3295
6220 6766
6766 7887
8822 7430
9762 9229
9210 9173
3247 9083
6326 6657
6657 6342
2742 9213
9213 2071
8102 580
5915 7213
7213 9691
7413 2801
8919 2624
2624 2854
6580 6641
1710 6457
1166 5436
4404 6504
8700 4804
7567 4155
1130 8129
1747 6333
8191 9167
8030 8856
8856 968
5362 6422
474 8526
8526 276
7669 8274
998 3827
2878 734
9263 4932
3145 1569
1569 9455
9455 7113
4895 3403
9328 5679
8747 9552
4118 8906
8411 581
7109 8808
4343 7217
7330 2942
4269 2781
7088 1037
8119 5107
4957 7928
8755 9930
7561 3593
1360 4049
8169 751
4326 1909
3481 1078
3765 1007
1007 4592
2494 1109
4659 9136
537 3408
4065 8748
6933 3609
1614 756
7658 6010
4031 7036
5307 2585
9523 9019
9019 9512
8391 7489
7489 8779
3101 4206
637 5209
2748 6769
173 7276
667 9945
213 4606
3255 4697
6688 6590
2563 8335
8847 1862
1595 9364
9854 525
4547 5662
1145 9606
3440 558
558 1961
9208 1857
4800 9968
9263 2557
1387 5152
5956 8663
7047 9659
7418 2800
9096 2924
4564 3793
1571 4904
6095 4548
662 4585
2455 54
5857 3022
5502 6377
2930 2431
5190 3063
4974 197
197 9277
3366 4328
9266 7086
7086 9643
43 1307
9239 4886
9805 6307
848 2238
4119 1313
5957 9141
4020 8404
1244 4427
6800 4256
2144 7347
153 6519
7616 9431
3413 47
1452 402
4380 732
3579 3711
9345 8565
8565 4571
8196 6152
3843 8039
2457 6681
3668 8066
5956 8706
8706 2180
7860 25
8586 9485
7647 1557
362 9188
9951 2301
9439 8769
2549 2746
6786 6448
9706 6596
1208 8935
3514 7785
3221 6183
6183 6023
9506 6227
3433 9540
7199 1204
1601 5972
4874 4527
1765 3569
2333 2813
9895 4431
8263 2174
985 1031
2847 3286
1693 4736
9097 7028
5836 8145
1573 5699
3959 1484
6529 3917
6922 1860
6214 1775
3805 3980
6806 720
3174 7607
3851 527
1505 9186
174 6743
3123 8333
2047 5737
7068 8838
8838 6996
6894 6460
6128 5837
5837 996
6577 1178
5164 6987
617 9881
1314 1041
6163 9574
9574 454
6111 8203
2254 3616
2831 8486
3822 4193
9220 4434
1490 9748
9748 232
8813 6030
4502 3016
2105 7856
2090 6896
9511 7679
8391 9967
5357 6316
3098 4384
7554 2573
4032 6374
6739 2701
2701 6462
1193 2726
2436 8830
6168 966
4274 3603
4809 4553
2913 6523
552 1264
1325 5018
9947 9786
6764 401
6872 4557
650 4723
1502 3317
5753 7575
2242 5127
2453 6372
704 8123
5704 8453
5913 1349
5342 8617
6756 5492
990 1993
7388 6408
8424 2004
9023 1381
8582 9346
8911 5379
8473 4670
3007 6777
591 2153
6551 9852
3760 2950
292 1136
3055 3253
9618 6742
6961 6887
8558 3202
8210 4426
7689 4357
4357 6644
2291 8513
4140 8324
6614 5439
8784 3862
8782 5687
5687 3984
4974 934
1975 2561
4363 5135
6469 9827
7426 7915
5312 8915
6273 9612
8761 9495
9495 5842
8922 9143
9548 7559
9755 5681
102 9098
3110 6053
5272 7873
4803 4222
4447 1518
5213 3499
7805 9990
4587 137
9306 8611
7877 4643
407 3933
8986 2908
460 3878
4995 7495
5200 9859
1056 6265
4867 4331
6011 6432
648 8068
5952 7691
6513 7486
2029 762
8353 7766
8682 7527
1169 6026
4926 6275
4967 4777
603 659
7355 903
903 5010
5454 265
7716 9803
5205 4106
369 605
5993 506
4005 4542
1175 2704
4313 6836
5902 4385
6843 7487
6847 4614
8275 4733
6628 5825
4996 1896
8509 3922
3922 2588
7338 9988
6090 4043
8849 3532
5622 8211
3962 8004
3335 3633
7063 6841
7866 1635
8483 5941
4538 1181
9357 2344
4315 7839
5779 9549
2649 4835
4293 1985
1297 8690
7188 6885
1226 5627
948 7624
7624 4709
4110 9567
2999 8938
4572 3116
8742 6752
6782 2403
5312 1917
4505 2425
5550 5527
6453 1443
5611 6992
3562 9824
1558 7309
6676 1607
7144 8834
7701 1670
7635 4729
5877 2559
4202 8818
9588 4855
2619 5742
5786 8244
5865 8599
2308 4433
3903 7316
6249 4714
4027 6195
2819 2374
5661 4539
3766 6292
4349 4966
1149 9444
8655 6398
1578 7996
2687 2992
6952 387
3929 4884
8036 7106
2644 9809
2476 249
5820 8777
9623 8141
3904 830
122 8557
7435 8237
795 9461
774 7447
6767 2351
2292 935
5184 5601
6309 2321
1630 3712
8793 4029
4873 6496
1776 8985
5220 2401
3541 6069
4025 3321
6988 147
7231 5653
3681 3085
5922 819
4465 7802
4174 9993
7984 3906
6765 2274
791 5428
8611 7671
8492 6189
2672 6414
3406 5318
8848 6099
2343 7665
7596 5638
7077 5365
9857 4454
3576 4616
242 4640
5865 1368
